-0.999743 -0.022610 -0.001330 132.784409 0.022610 -0.999744 0.000030 -1.803884 -0.001330 0.000000 0.999999 -102.308601
-0.999743 -0.022610 -0.001410 132.792981 0.022610 -0.999744 0.000032 -1.803921 -0.001411 0.000000 0.999999 -102.693196
-0.999743 -0.022612 -0.001480 132.802112 0.022612 -0.999744 0.000034 -1.803953 -0.001481 0.000000 0.999999 -103.112682
-0.999743 -0.022612 -0.001496 132.811772 0.022612 -0.999744 0.000034 -1.803961 -0.001497 0.000000 0.999999 -103.566166
-0.999743 -0.022614 -0.001473 132.821899 0.022614 -0.999744 0.000034 -1.803950 -0.001473 0.000000 0.999999 -104.052177
-0.999743 -0.022618 -0.001301 132.832433 0.022618 -0.999744 0.000030 -1.804159 -0.001302 0.000000 0.999999 -104.566037
-0.999744 -0.022618 -0.000681 132.842702 0.022618 -0.999744 0.000015 -1.803882 -0.000681 -0.000000 1.000000 -105.079007
-0.999745 -0.022588 -0.000463 132.852860 0.022588 -0.999745 0.000011 -1.803728 -0.000463 0.000000 1.000000 -105.597847
-0.999742 -0.022686 -0.000684 132.863273 0.022686 -0.999743 0.000007 -1.803784 -0.000684 -0.000009 1.000000 -106.136390
-0.999742 -0.022676 -0.000880 132.873942 0.022676 -0.999743 0.000020 -1.803850 -0.000880 0.000000 1.000000 -106.699488
-0.999742 -0.022683 -0.001094 132.884775 0.022683 -0.999743 0.000043 -1.803939 -0.001095 0.000018 0.999999 -107.290094
-0.999750 -0.022340 -0.000952 132.896216 0.022340 -0.999750 0.000019 -1.803871 -0.000952 -0.000002 1.000000 -107.900893
-0.999753 -0.022174 -0.001147 132.907976 0.022174 -0.999754 0.000019 -1.803959 -0.001147 -0.000006 0.999999 -108.529337
-0.999746 -0.022407 -0.002232 132.921185 0.022407 -0.999749 0.000048 -1.804456 -0.002232 -0.000002 0.999998 -109.242039
-0.999743 -0.022569 -0.002329 132.935110 0.022569 -0.999745 0.000053 -1.804501 -0.002329 0.000001 0.999997 -110.004736
-0.999745 -0.022495 -0.001993 132.949555 0.022495 -0.999747 0.000057 -1.804348 -0.001994 0.000012 0.999998 -110.803047
-0.999745 -0.022545 -0.001585 132.964505 0.022545 -0.999746 0.000035 -1.804162 -0.001586 -0.000001 0.999999 -111.629071
-0.999745 -0.022548 -0.000909 132.979335 0.022548 -0.999746 0.000022 -1.803852 -0.000909 0.000002 1.000000 -112.463565
-0.999746 -0.022555 -0.000087 132.993589 0.022555 -0.999746 0.000002 -1.803475 -0.000087 0.000000 1.000000 -113.282492
-0.999745 -0.022561 0.000351 133.007238 0.022561 -0.999745 -0.000008 -1.803273 0.000351 0.000000 1.000000 -114.084211
-0.999745 -0.022564 0.000223 133.020604 0.022564 -0.999745 -0.000005 -1.803332 0.000224 0.000000 1.000000 -114.883969
-0.999818 -0.019075 -0.000161 133.028071 0.019075 -0.999818 0.000689 -1.803514 -0.000174 0.000686 1.000000 -115.696353
-0.999890 -0.014840 -0.000455 133.032603 0.014840 -0.999890 0.000185 -1.803645 -0.000458 0.000178 1.000000 -116.525118
-0.999941 -0.010820 -0.000152 133.033543 0.010820 -0.999941 0.000736 -1.803507 -0.000160 0.000735 1.000000 -117.350720
-1.000000 0.000064 0.000248 133.019587 -0.000063 -1.000000 0.000825 -1.803319 0.000248 0.000825 1.000000 -118.159640
-0.999985 0.005510 0.000294 133.006972 -0.005510 -0.999985 0.000362 -1.803298 0.000296 0.000360 1.000000 -118.960212
-0.999692 0.024799 -0.000020 132.964969 -0.024799 -0.999689 0.002523 -1.803410 0.000043 0.002522 0.999997 -119.765193
-0.998587 0.053139 -0.000407 132.894814 -0.053140 -0.998584 0.002299 -1.803560 -0.000284 0.002317 0.999997 -120.581787
-0.997469 0.071107 -0.000364 132.820283 -0.071108 -0.997468 0.001226 -1.803559 -0.000276 0.001249 0.999999 -121.404900
-0.996523 0.083315 0.000018 132.739271 -0.083315 -0.996523 0.000789 -1.803395 0.000083 0.000785 1.000000 -122.216993
-0.995458 0.095199 0.000253 132.648348 -0.095198 -0.995457 0.001312 -1.803260 0.000377 0.001282 0.999999 -123.012210
-0.991262 0.131904 -0.000155 132.506409 -0.131904 -0.991255 0.003854 -1.803259 0.000355 0.003841 0.999993 -123.792916
-0.986225 0.165406 -0.000507 132.343636 -0.165406 -0.986222 0.002512 -1.803467 -0.000085 0.002562 0.999997 -124.582498
-0.982336 0.187124 -0.000700 132.169219 -0.187124 -0.982335 0.001390 -1.803628 -0.000427 0.001497 0.999999 -125.388846
-0.978540 0.206055 -0.000558 131.979542 -0.206056 -0.978539 0.001695 -1.803522 -0.000197 0.001773 0.999998 -126.191769
-0.971453 0.237233 -0.000412 131.756328 -0.237233 -0.971449 0.002714 -1.803316 0.000244 0.002734 0.999996 -126.969204
-0.965748 0.259483 -0.000114 131.527107 -0.259482 -0.965746 0.001618 -1.803289 0.000310 0.001592 0.999999 -127.736526
-0.957507 0.288410 -0.000820 131.264703 -0.288411 -0.957502 0.002994 -1.803391 0.000078 0.003104 0.999995 -128.498666
-0.947595 0.319472 -0.001039 130.972432 -0.319473 -0.947593 0.002268 -1.803548 -0.000260 0.002481 0.999997 -129.265142
-0.934376 0.356285 -0.001557 130.644802 -0.356288 -0.934369 0.003783 -1.803470 -0.000107 0.004089 0.999992 -130.020077
-0.912834 0.408328 -0.001680 130.269502 -0.408332 -0.912823 0.004425 -1.803289 0.000273 0.004725 0.999989 -130.736329
-0.896082 0.443887 -0.001011 129.881904 -0.443888 -0.896079 0.002553 -1.803322 0.000227 0.002737 0.999996 -131.445243
-0.884046 0.467400 -0.000861 129.476945 -0.467401 -0.884044 0.001516 -1.803456 -0.000053 0.001742 0.999998 -132.155839
-0.873399 0.487003 -0.001107 129.052843 -0.487005 -0.873398 0.001667 -1.803503 -0.000156 0.001995 0.999998 -132.863832
-0.854709 0.519105 -0.001588 128.595104 -0.519107 -0.854704 0.002819 -1.803377 0.000106 0.003234 0.999995 -133.540920
-0.837998 0.545672 -0.001280 128.127382 -0.545674 -0.837994 0.002456 -1.803305 0.000267 0.002757 0.999996 -134.200899
-0.808188 0.588918 -0.002773 127.611961 -0.588924 -0.808177 0.004281 -1.803284 0.000280 0.005093 0.999987 -134.819465
-0.778877 0.627172 -0.002345 127.064277 -0.627176 -0.778872 0.002747 -1.803469 -0.000103 0.003610 0.999993 -135.428756
-0.758641 0.651507 -0.001612 126.498005 -0.651509 -0.758640 0.001425 -1.803565 -0.000295 0.002131 0.999998 -136.040890
-0.744270 0.667878 -0.000884 125.927279 -0.667879 -0.744269 0.001039 -1.803416 0.000036 0.001364 0.999999 -136.638735
-0.724511 0.689261 -0.001699 125.345067 -0.689263 -0.724507 0.002410 -1.803230 0.000431 0.002917 0.999996 -137.199803
-0.702871 0.711316 -0.001398 124.749586 -0.711317 -0.702869 0.001868 -1.803270 0.000346 0.002308 0.999997 -137.738699
-0.685648 0.727931 -0.001610 124.136537 -0.727933 -0.685647 0.001457 -1.803450 -0.000043 0.002171 0.999998 -138.275232
-0.649811 0.760086 -0.003756 123.476459 -0.760096 -0.649804 0.002943 -1.803509 -0.000203 0.004767 0.999989 -138.770801
-0.615627 0.788033 -0.002692 122.796042 -0.788038 -0.615624 0.001868 -1.803509 -0.000185 0.003271 0.999995 -139.248511
-0.593046 0.805167 -0.001463 122.114142 -0.805168 -0.593045 0.001190 -1.803389 0.000090 0.001884 0.999998 -139.713996
-0.574114 0.818774 -0.001481 121.431885 -0.818775 -0.574113 0.001452 -1.803275 0.000339 0.002046 0.999998 -140.156761
-0.536254 0.844049 -0.003507 120.725042 -0.844057 -0.536248 0.002645 -1.803257 0.000352 0.004378 0.999990 -140.545957
-0.503106 0.864221 -0.002504 119.996470 -0.864225 -0.503104 0.001364 -1.803464 -0.000081 0.002850 0.999996 -140.923671
-0.481012 0.876712 -0.001692 119.246265 -0.876714 -0.481012 0.000457 -1.803621 -0.000413 0.001703 0.999998 -141.301289
-0.465488 0.885053 -0.001034 118.493344 -0.885054 -0.465488 0.000384 -1.803498 -0.000141 0.001094 0.999999 -141.668713
-0.442422 0.896804 -0.002243 117.743791 -0.896807 -0.442420 0.001495 -1.803269 0.000348 0.002673 0.999996 -141.999704
-0.417195 0.908816 -0.001711 116.996579 -0.908817 -0.417193 0.001284 -1.803222 0.000453 0.002091 0.999998 -142.304670
-0.384736 0.923020 -0.003437 116.234410 -0.923026 -0.384733 0.001704 -1.803307 0.000251 0.003828 0.999993 -142.577359
-0.338793 0.940853 -0.003850 115.445217 -0.940861 -0.338791 0.001249 -1.803479 -0.000129 0.004045 0.999992 -142.806652
-0.307483 0.951551 -0.002327 114.633169 -0.951553 -0.307484 0.000270 -1.803640 -0.000458 0.002297 0.999997 -143.033079
-0.285931 0.958249 -0.001416 113.818970 -0.958250 -0.285931 0.000245 -1.803511 -0.000170 0.001427 0.999999 -143.247597
-0.267629 0.963521 -0.001580 113.017150 -0.963522 -0.267628 0.000746 -1.803296 0.000296 0.001722 0.999998 -143.442443
-0.239732 0.970837 -0.002201 112.221998 -0.970839 -0.239730 0.001029 -1.803213 0.000471 0.002383 0.999997 -143.601080
-0.220158 0.975463 -0.001314 111.420823 -0.975464 -0.220158 0.000452 -1.803362 0.000152 0.001381 0.999999 -143.754121
-0.195467 0.980707 -0.002375 110.600347 -0.980710 -0.195467 0.000230 -1.803540 -0.000239 0.002374 0.999997 -143.883291
-0.174289 0.984693 -0.001572 109.762473 -0.984694 -0.174290 -0.000181 -1.803640 -0.000452 0.001517 0.999999 -144.002692
-0.156938 0.987607 -0.001666 108.928065 -0.987609 -0.156937 0.000176 -1.803472 -0.000087 0.001673 0.999999 -144.109492
-0.136090 0.990695 -0.001454 108.107587 -0.990696 -0.136090 0.000506 -1.803293 0.000304 0.001509 0.999999 -144.192754
-0.123785 0.992309 -0.000762 107.291858 -0.992309 -0.123784 0.000367 -1.803310 0.000270 0.000802 1.000000 -144.273051
-0.105576 0.994410 -0.001656 106.464989 -0.994411 -0.105576 0.000115 -1.803460 -0.000060 0.001659 0.999999 -144.332016
-0.094431 0.995531 -0.000717 105.622026 -0.995531 -0.094431 -0.000309 -1.803606 -0.000375 0.000684 1.000000 -144.391229
-0.078786 0.996891 -0.001382 104.780025 -0.996892 -0.078786 -0.000025 -1.803494 -0.000134 0.001375 0.999999 -144.431637
-0.070586 0.997506 -0.000415 103.951558 -0.997506 -0.070586 0.000239 -1.803338 0.000209 0.000431 1.000000 -144.472104
-0.065650 0.997843 -0.000280 103.130562 -0.997843 -0.065650 0.000281 -1.803314 0.000262 0.000297 1.000000 -144.508697
-0.054825 0.998496 -0.000963 102.301837 -0.998496 -0.054825 0.000026 -1.803446 -0.000027 0.000963 1.000000 -144.530543
-0.050295 0.998734 -0.000238 101.458307 -0.998734 -0.050296 -0.000327 -1.803589 -0.000338 0.000221 1.000000 -144.556475
-0.041223 0.999150 -0.000796 100.614337 -0.999150 -0.041223 -0.000139 -1.803513 -0.000172 0.000789 1.000000 -144.569407
-0.037188 0.999308 -0.000188 99.782694 -0.999308 -0.037188 0.000171 -1.803359 0.000163 0.000194 1.000000 -144.584162
-0.034762 0.999396 -0.000134 98.960065 -0.999396 -0.034762 0.000269 -1.803312 0.000265 0.000144 1.000000 -144.596639
-0.028986 0.999580 -0.000477 98.131402 -0.999580 -0.028986 0.000011 -1.803435 -0.000003 0.000477 1.000000 -144.601014
-0.026878 0.999639 -0.000107 97.288378 -0.999639 -0.026878 -0.000312 -1.803579 -0.000315 0.000098 1.000000 -144.608111
-0.023699 0.999719 -0.000431 96.443259 -0.999719 -0.023699 -0.000195 -1.803529 -0.000205 0.000427 1.000000 -144.610930
-0.020586 0.999788 -0.000143 95.609813 -0.999788 -0.020586 0.000138 -1.803372 0.000135 0.000146 1.000000 -144.611370
-0.019615 0.999808 -0.000042 94.787001 -0.999808 -0.019615 0.000283 -1.803305 0.000282 0.000047 1.000000 -144.612348
-0.016308 0.999867 -0.000268 93.959842 -0.999867 -0.016308 0.000043 -1.803416 0.000039 0.000269 1.000000 -144.608119
-0.015257 0.999884 -0.000048 93.118798 -0.999884 -0.015257 -0.000284 -1.803565 -0.000285 0.000043 1.000000 -144.605843
-0.013461 0.999909 -0.000253 92.272762 -0.999909 -0.013462 -0.000254 -1.803552 -0.000257 0.000250 1.000000 -144.601024
-0.011696 0.999932 -0.000079 91.436929 -0.999932 -0.011696 0.000081 -1.803397 0.000080 0.000080 1.000000 -144.594949
-0.011185 0.999937 -0.000021 90.613953 -0.999937 -0.011185 0.000301 -1.803296 0.000301 0.000024 1.000000 -144.589241
-0.009265 0.999957 -0.000156 89.789586 -0.999957 -0.009265 0.000112 -1.803383 0.000111 0.000157 1.000000 -144.580456
-0.008667 0.999962 -0.000026 88.952077 -0.999962 -0.008667 -0.000237 -1.803544 -0.000238 0.000024 1.000000 -144.572842
-0.007263 0.999974 -0.000219 88.105002 -0.999974 -0.007263 -0.000332 -1.803587 -0.000333 0.000217 1.000000 -144.563185
-0.005810 0.999983 -0.000064 87.265128 -0.999983 -0.005810 -0.000019 -1.803443 -0.000019 0.000064 1.000000 -144.552573
-0.005463 0.999985 -0.000013 86.439471 -0.999985 -0.005463 0.000279 -1.803306 0.000279 0.000015 1.000000 -144.542476
-0.005135 0.999987 -0.000018 85.616602 -0.999987 -0.005135 0.000187 -1.803348 0.000187 0.000019 1.000000 -144.531938
-0.004928 0.999988 -0.000013 84.782296 -0.999988 -0.004928 -0.000164 -1.803510 -0.000164 0.000012 1.000000 -144.521378
-0.004051 0.999992 -0.000075 83.934827 -0.999992 -0.004051 -0.000372 -1.803605 -0.000372 0.000073 1.000000 -144.509625
-0.003814 0.999993 -0.000008 83.092107 -0.999993 -0.003814 -0.000091 -1.803476 -0.000091 0.000008 1.000000 -144.498441
-0.003357 0.999994 -0.000067 82.263792 -0.999994 -0.003357 0.000247 -1.803321 0.000247 0.000068 1.000000 -144.486578
-0.002888 0.999996 -0.000020 81.441710 -0.999996 -0.002888 0.000244 -1.803322 0.000244 0.000021 1.000000 -144.474440
-0.002760 0.999996 -0.000006 80.610210 -0.999996 -0.002760 -0.000095 -1.803478 -0.000095 0.000006 1.000000 -144.462581
-0.002203 0.999998 -0.000046 79.763096 -0.999997 -0.002203 -0.000390 -1.803614 -0.000390 0.000045 1.000000 -144.449940
-0.002043 0.999998 -0.000006 78.918249 -0.999998 -0.002043 -0.000151 -1.803504 -0.000151 0.000006 1.000000 -144.437681
-0.001633 0.999999 -0.000033 78.088285 -0.999999 -0.001633 0.000226 -1.803331 0.000226 0.000033 1.000000 -144.424848
-0.001489 0.999999 -0.000005 77.268191 -0.999999 -0.001489 0.000313 -1.803290 0.000313 0.000006 1.000000 -144.412272
-0.001263 0.999999 -0.000032 76.441920 -0.999999 -0.001263 0.000011 -1.803429 0.000010 0.000032 1.000000 -144.399531
-0.001043 0.999999 -0.000010 75.600987 -0.999999 -0.001043 -0.000321 -1.803582 -0.000321 0.000010 1.000000 -144.386753
-0.000976 1.000000 -0.000004 74.756291 -0.999999 -0.000976 -0.000253 -1.803550 -0.000253 0.000003 1.000000 -144.374173
-0.000733 1.000000 -0.000020 73.922609 -1.000000 -0.000733 0.000097 -1.803390 0.000097 0.000020 1.000000 -144.361307
-0.000654 1.000000 -0.000003 73.101466 -1.000000 -0.000654 0.000301 -1.803296 0.000301 0.000003 1.000000 -144.348712
-0.000523 1.000000 -0.000019 72.278272 -1.000000 -0.000523 0.000093 -1.803391 0.000093 0.000019 1.000000 -144.336072
-0.000395 1.000000 -0.000006 71.441825 -1.000000 -0.000395 -0.000250 -1.803549 -0.000250 0.000006 1.000000 -144.323486
-0.000356 1.000000 -0.000002 70.596908 -1.000000 -0.000356 -0.000320 -1.803581 -0.000320 0.000002 1.000000 -144.311111
-0.000210 1.000000 -0.000012 69.759822 -1.000000 -0.000210 -0.000002 -1.803435 -0.000002 0.000012 1.000000 -144.298618
-0.000165 1.000000 -0.000002 68.937151 -1.000000 -0.000165 0.000290 -1.803301 0.000290 0.000002 1.000000 -144.286379
-0.000087 1.000000 -0.000011 68.116792 -1.000000 -0.000087 0.000180 -1.803351 0.000180 0.000011 1.000000 -144.274187
-0.000012 1.000000 -0.000003 67.284706 -1.000000 -0.000012 -0.000177 -1.803516 -0.000177 0.000003 1.000000 -144.262138
0.000012 1.000000 -0.000001 66.439601 -1.000000 0.000012 -0.000379 -1.803609 -0.000379 0.000001 1.000000 -144.250301
0.000099 1.000000 -0.000007 65.599604 -1.000000 0.000099 -0.000089 -1.803475 -0.000089 0.000007 1.000000 -144.238482
0.000125 1.000000 -0.000001 64.774303 -1.000000 0.000125 0.000251 -1.803319 0.000251 0.000001 1.000000 -144.226917
0.000172 1.000000 -0.000006 63.955205 -1.000000 0.000172 0.000244 -1.803322 0.000244 0.000006 1.000000 -144.215474
0.000216 1.000000 -0.000002 63.126676 -1.000000 0.000216 -0.000099 -1.803480 -0.000099 0.000002 1.000000 -144.204206
0.000250 1.000000 -0.000005 62.282592 -1.000000 0.000250 -0.000394 -1.803615 -0.000394 0.000005 1.000000 -144.193133
0.000285 1.000000 -0.000002 61.440971 -1.000000 0.000285 -0.000151 -1.803504 -0.000151 0.000002 1.000000 -144.182216
0.000295 1.000000 -0.000001 60.614485 -1.000000 0.000295 0.000228 -1.803329 0.000228 0.000000 1.000000 -144.171538
0.000330 1.000000 -0.000003 59.798040 -1.000000 0.000330 0.000315 -1.803289 0.000315 0.000003 1.000000 -144.161058
0.000343 1.000000 -0.000000 58.975532 -1.000000 0.000343 0.000012 -1.803429 0.000012 0.000000 1.000000 -144.150829
0.000363 1.000000 -0.000003 58.138487 -1.000000 0.000363 -0.000321 -1.803582 -0.000321 0.000003 1.000000 -144.140795
0.000383 1.000000 -0.000001 57.297666 -1.000000 0.000383 -0.000256 -1.803552 -0.000256 0.000001 1.000000 -144.131009
0.000389 1.000000 -0.000001 56.467932 -1.000000 0.000389 0.000094 -1.803391 0.000094 0.000001 1.000000 -144.121508
0.000412 1.000000 -0.000002 55.650963 -1.000000 0.000412 0.000302 -1.803295 0.000302 0.000002 1.000000 -144.112190
0.000418 1.000000 -0.000000 54.832215 -1.000000 0.000418 0.000097 -1.803390 0.000097 0.000000 1.000000 -144.103169
0.000430 1.000000 -0.000001 54.000342 -1.000000 0.000430 -0.000248 -1.803548 -0.000248 0.000001 1.000000 -144.094359
0.000439 1.000000 -0.000000 53.159929 -1.000000 0.000439 -0.000323 -1.803583 -0.000323 0.000000 1.000000 -144.085844
0.000441 1.000000 -0.000000 52.327350 -1.000000 0.000441 -0.000006 -1.803437 -0.000006 0.000000 1.000000 -144.077613
0.000451 1.000000 -0.000001 51.509305 -1.000000 0.000451 0.000288 -1.803302 0.000288 0.000001 1.000000 -144.069658
0.000453 1.000000 -0.000000 50.693828 -1.000000 0.000453 0.000182 -1.803351 0.000182 -0.000000 1.000000 -144.062015
0.000459 1.000000 -0.000001 49.866840 -1.000000 0.000459 -0.000175 -1.803514 -0.000175 0.000001 1.000000 -144.054676
0.000466 1.000000 -0.000000 49.026990 -1.000000 0.000466 -0.000377 -1.803608 -0.000377 0.000000 1.000000 -144.047631
0.000466 1.000000 -0.000000 48.192334 -1.000000 0.000466 -0.000089 -1.803475 -0.000089 0.000000 1.000000 -144.040902
0.000475 1.000000 -0.000001 47.372459 -1.000000 0.000475 0.000250 -1.803319 0.000250 0.000001 1.000000 -144.034511
0.000478 1.000000 -0.000000 46.558942 -1.000000 0.000478 0.000243 -1.803322 0.000243 0.000000 1.000000 -144.028448
0.000484 1.000000 -0.000001 45.736125 -1.000000 0.000484 -0.000098 -1.803479 -0.000098 0.000001 1.000000 -144.022704
0.000491 1.000000 -0.000000 44.897893 -1.000000 0.000491 -0.000393 -1.803615 -0.000393 0.000000 1.000000 -144.017316
0.000494 1.000000 -0.000000 44.062275 -1.000000 0.000494 -0.000151 -1.803504 -0.000151 0.000000 1.000000 -144.012260
0.000499 1.000000 -0.000001 43.241898 -1.000000 0.000499 0.000228 -1.803329 0.000228 0.000001 1.000000 -144.007573
0.000503 1.000000 -0.000000 42.431696 -1.000000 0.000503 0.000315 -1.803289 0.000315 0.000000 1.000000 -144.003244
0.000509 1.000000 -0.000000 41.615561 -1.000000 0.000509 0.000012 -1.803429 0.000012 0.000000 1.000000 -143.999266
0.000515 1.000000 -0.000000 40.785013 -1.000000 0.000515 -0.000321 -1.803582 -0.000321 0.000000 1.000000 -143.995660
0.000519 1.000000 -0.000000 39.950825 -1.000000 0.000519 -0.000256 -1.803552 -0.000256 0.000001 1.000000 -143.992432
0.000523 1.000000 -0.000000 39.127864 -1.000000 0.000523 0.000095 -1.803391 0.000095 0.000000 1.000000 -143.989604
0.000527 1.000000 -0.000001 38.317793 -1.000000 0.000527 0.000302 -1.803295 0.000302 0.000000 1.000000 -143.987150
0.000531 1.000000 -0.000000 37.506047 -1.000000 0.000531 0.000097 -1.803390 0.000097 0.000000 1.000000 -143.985093
0.000534 1.000000 -0.000000 36.681326 -1.000000 0.000534 -0.000248 -1.803548 -0.000248 0.000000 1.000000 -143.983378
0.000533 1.000000 0.000000 35.848198 -1.000000 0.000533 -0.000323 -1.803582 -0.000323 0.000000 1.000000 -143.982071
0.000531 1.000000 0.000000 35.023057 -1.000000 0.000531 -0.000005 -1.803437 -0.000005 -0.000000 1.000000 -143.981256
0.000533 1.000000 -0.000000 34.212581 -1.000000 0.000533 0.000288 -1.803302 0.000288 0.000000 1.000000 -143.980800
0.000534 1.000000 -0.000000 33.404787 -1.000000 0.000534 0.000182 -1.803351 0.000182 0.000000 1.000000 -143.980818
0.000537 1.000000 0.000000 32.585604 -1.000000 0.000537 -0.000175 -1.803514 -0.000175 0.000000 1.000000 -143.981207
0.000534 1.000000 0.000001 31.753696 -1.000000 0.000534 -0.000378 -1.803608 -0.000378 -0.000001 1.000000 -143.982052
0.000533 1.000000 -0.000000 30.927109 -1.000000 0.000533 -0.000089 -1.803475 -0.000089 0.000000 1.000000 -143.983341
0.000533 1.000000 -0.000000 30.115427 -1.000000 0.000533 0.000250 -1.803319 0.000250 0.000000 1.000000 -143.985128
0.000533 1.000000 -0.000000 29.310225 -1.000000 0.000533 0.000243 -1.803322 0.000243 0.000000 1.000000 -143.987387
0.000536 1.000000 -0.000000 28.495869 -1.000000 0.000536 -0.000098 -1.803479 -0.000098 0.000000 1.000000 -143.990019
0.000534 1.000000 0.000001 27.666219 -1.000000 0.000534 -0.000393 -1.803615 -0.000393 -0.000001 1.000000 -143.993135
0.000551 0.999997 0.002359 26.840806 -1.000000 0.000549 0.000650 -1.804481 0.000648 -0.002360 0.999997 -144.000450
0.000896 1.000000 0.000117 26.027966 -1.000000 0.000896 0.000440 -1.803879 0.000440 -0.000118 1.000000 -144.001272
0.001563 0.999999 -0.000095 25.225376 -0.999999 0.001563 0.000281 -1.803344 0.000281 0.000095 1.000000 -144.005695
0.002055 0.999998 -0.000031 24.416165 -0.999998 0.002055 -0.000050 -1.803352 -0.000050 0.000031 1.000000 -144.011756
0.002227 0.999997 0.000913 23.592191 -0.999997 0.002228 -0.001202 -1.804601 -0.001204 -0.000910 0.999999 -144.019780
0.001915 0.999998 -0.000046 22.769116 -0.999998 0.001915 -0.000299 -1.803689 -0.000299 0.000047 1.000000 -144.024617
0.001583 0.999999 -0.000083 21.959039 -0.999999 0.001583 0.000212 -1.803300 0.000212 0.000083 1.000000 -144.030834
0.001310 0.999999 -0.000046 21.157475 -0.999999 0.001310 0.000288 -1.803248 0.000288 0.000046 1.000000 -144.037690
0.001150 0.999999 -0.000026 20.348352 -0.999999 0.001150 -0.000029 -1.803412 -0.000029 0.000026 1.000000 -144.045037
0.001015 0.999999 -0.000010 19.526893 -0.999999 0.001015 -0.000290 -1.803551 -0.000290 0.000011 1.000000 -144.052974
0.000922 1.000000 -0.000007 18.707502 -1.000000 0.000922 -0.000117 -1.803482 -0.000117 0.000007 1.000000 -144.061491
0.000868 1.000000 -0.000006 17.901563 -1.000000 0.000868 0.000204 -1.803339 0.000204 0.000006 1.000000 -144.070562
0.000813 1.000000 -0.000003 17.101089 -1.000000 0.000813 0.000195 -1.803345 0.000195 0.000003 1.000000 -144.080255
0.000788 1.000000 -0.000005 16.290783 -1.000000 0.000788 -0.000129 -1.803494 -0.000129 0.000005 1.000000 -144.090483
0.000744 1.000000 -0.000002 15.470542 -1.000000 0.000744 -0.000282 -1.803564 -0.000282 0.000002 1.000000 -144.101314
0.000730 1.000000 -0.000004 14.657058 -1.000000 0.000730 -0.000017 -1.803442 -0.000017 0.000004 1.000000 -144.112676
0.000717 1.000000 -0.000004 13.856832 -1.000000 0.000717 0.000250 -1.803320 0.000250 0.000004 1.000000 -144.124637
0.000715 1.000000 -0.000004 13.057583 -1.000000 0.000715 0.000124 -1.803377 0.000124 0.000004 1.000000 -144.137170
0.000699 1.000000 -0.000004 12.246556 -1.000000 0.000699 -0.000203 -1.803528 -0.000203 0.000004 1.000000 -144.150282
0.000691 1.000000 -0.000004 11.429662 -1.000000 0.000691 -0.000236 -1.803543 -0.000236 0.000004 1.000000 -144.163994
0.000686 1.000000 -0.000004 10.622651 -1.000000 0.000686 0.000068 -1.803403 0.000068 0.000004 1.000000 -144.178294
0.000677 1.000000 -0.000004 9.826466 -1.000000 0.000677 0.000239 -1.803324 0.000239 0.000004 1.000000 -144.193205
0.000678 1.000000 -0.000005 9.026682 -1.000000 0.000678 0.000024 -1.803423 0.000024 0.000005 1.000000 -144.208701
0.000665 1.000000 -0.000004 8.215034 -1.000000 0.000665 -0.000252 -1.803550 -0.000252 0.000004 1.000000 -144.224818
0.000663 1.000000 -0.000004 7.402985 -1.000000 0.000663 -0.000149 -1.803502 -0.000149 0.000004 1.000000 -144.241530
0.000657 1.000000 -0.000004 6.603053 -1.000000 0.000657 0.000158 -1.803362 0.000158 0.000004 1.000000 -144.258888
0.000655 1.000000 -0.000005 5.809962 -1.000000 0.000655 0.000198 -1.803343 0.000198 0.000004 1.000000 -144.276868
0.000655 1.000000 -0.000005 5.008621 -1.000000 0.000655 -0.000095 -1.803478 -0.000095 0.000005 1.000000 -144.295474
0.000647 1.000000 -0.000004 4.197607 -1.000000 0.000647 -0.000260 -1.803554 -0.000260 0.000004 1.000000 -144.314711
0.000649 1.000000 -0.000005 3.392295 -1.000000 0.000649 -0.000030 -1.803448 -0.000030 0.000005 1.000000 -144.334585
0.000645 1.000000 -0.000004 2.599478 -1.000000 0.000645 0.000225 -1.803331 0.000225 0.000004 1.000000 -144.355100
0.000647 1.000000 -0.000005 1.807960 -1.000000 0.000647 0.000115 -1.803381 0.000115 0.000005 1.000000 -144.376277
0.000643 1.000000 -0.000005 1.005227 -1.000000 0.000643 -0.000195 -1.803524 -0.000195 0.000005 1.000000 -144.398105
0.000639 1.000000 -0.000004 0.197589 -1.000000 0.000639 -0.000213 -1.803532 -0.000213 0.000004 1.000000 -144.420558
0.000640 1.000000 -0.000005 -0.600069 -1.000000 0.000640 0.000080 -1.803398 0.000080 0.000005 1.000000 -144.443688
0.000638 1.000000 -0.000005 -1.387764 -1.000000 0.000638 0.000225 -1.803331 0.000225 0.000004 1.000000 -144.467499
0.000642 1.000000 -0.000005 -2.179812 -1.000000 0.000642 -0.000001 -1.803435 -0.000001 0.000005 1.000000 -144.491996
0.000637 1.000000 -0.000005 -2.982837 -1.000000 0.000637 -0.000245 -1.803547 -0.000245 0.000005 1.000000 -144.517138
0.000637 1.000000 -0.000004 -3.784660 -1.000000 0.000637 -0.000115 -1.803487 -0.000115 0.000004 1.000000 -144.542959
0.000635 1.000000 -0.000005 -4.574640 -1.000000 0.000635 0.000167 -1.803357 0.000167 0.000005 1.000000 -144.569480
0.000638 1.000000 -0.000005 -5.359533 -1.000000 0.000638 0.000164 -1.803359 0.000164 0.000005 1.000000 -144.596690
0.000637 1.000000 -0.000005 -6.153367 -1.000000 0.000637 -0.000125 -1.803492 -0.000125 0.000005 1.000000 -144.624593
0.000635 1.000000 -0.000004 -6.954557 -1.000000 0.000635 -0.000229 -1.803540 -0.000229 0.000005 1.000000 -144.653180
0.000636 1.000000 -0.000005 -7.748567 -1.000000 0.000636 0.000013 -1.803428 0.000013 0.000005 1.000000 -144.682483
0.000634 1.000000 -0.000005 -8.531711 -1.000000 0.000634 0.000210 -1.803338 0.000210 0.000005 1.000000 -144.712493
0.000638 1.000000 -0.000005 -9.316161 -1.000000 0.000638 0.000052 -1.803410 0.000052 0.000005 1.000000 -144.743229
0.000634 1.000000 -0.000005 -10.111278 -1.000000 0.000634 -0.000213 -1.803532 -0.000213 0.000005 1.000000 -144.774650
0.000634 1.000000 -0.000004 -10.907554 -1.000000 0.000634 -0.000147 -1.803502 -0.000147 0.000004 1.000000 -144.806805
0.000633 1.000000 -0.000005 -11.693033 -1.000000 0.000633 0.000128 -1.803375 0.000128 0.000005 1.000000 -144.839684
0.000636 1.000000 -0.000005 -12.471712 -1.000000 0.000636 0.000180 -1.803352 0.000180 0.000005 1.000000 -144.873305
0.000636 1.000000 -0.000005 -13.257566 -1.000000 0.000636 -0.000083 -1.803472 -0.000083 0.000005 1.000000 -144.907627
0.000633 1.000000 -0.000005 -14.051762 -1.000000 0.000633 -0.000229 -1.803539 -0.000229 0.000005 1.000000 -144.942699
0.000635 1.000000 -0.000005 -14.840509 -1.000000 0.000635 -0.000022 -1.803445 -0.000022 0.000005 1.000000 -144.978495
0.000633 1.000000 -0.000005 -15.618197 -1.000000 0.000633 0.000196 -1.803344 0.000196 0.000005 1.000000 -145.015065
0.000639 1.000000 -0.000005 -16.395398 -1.000000 0.000639 0.000080 -1.803397 0.000080 0.000005 1.000000 -145.052366
0.000635 1.000000 -0.000005 -17.182835 -1.000000 0.000635 -0.000191 -1.803522 -0.000191 0.000005 1.000000 -145.090418
0.000634 1.000000 -0.000004 -17.972782 -1.000000 0.000634 -0.000164 -1.803509 -0.000164 0.000005 1.000000 -145.129208
0.000633 1.000000 -0.000005 -18.752696 -1.000000 0.000633 0.000103 -1.803387 0.000103 0.000005 1.000000 -145.168770
0.000635 1.000000 -0.000005 -19.524916 -1.000000 0.000635 0.000186 -1.803349 0.000186 0.000005 1.000000 -145.209109
0.000637 1.000000 -0.000005 -20.303143 -1.000000 0.000637 -0.000057 -1.803460 -0.000057 0.000005 1.000000 -145.250198
0.000634 1.000000 -0.000005 -21.090145 -1.000000 0.000634 -0.000225 -1.803538 -0.000225 0.000005 1.000000 -145.292054
0.000636 1.000000 -0.000005 -21.872738 -1.000000 0.000636 -0.000043 -1.803454 -0.000043 0.000005 1.000000 -145.334665
0.000634 1.000000 -0.000005 -22.644305 -1.000000 0.000634 0.000184 -1.803350 0.000184 0.000005 1.000000 -145.378082
0.000638 1.000000 -0.000005 -23.414369 -1.000000 0.000638 0.000095 -1.803391 0.000095 0.000005 1.000000 -145.422261
0.000636 1.000000 -0.000005 -24.194252 -1.000000 0.000636 -0.000176 -1.803515 -0.000176 0.000005 1.000000 -145.467220
0.000635 1.000000 -0.000004 -24.977312 -1.000000 0.000635 -0.000170 -1.803513 -0.000170 0.000005 1.000000 -145.512948
0.000634 1.000000 -0.000005 -25.750873 -1.000000 0.000634 0.000088 -1.803394 0.000088 0.000005 1.000000 -145.559477
0.000635 1.000000 -0.000005 -26.516396 -1.000000 0.000635 0.000185 -1.803349 0.000185 0.000005 1.000000 -145.606811
0.000639 1.000000 -0.000012 -27.286959 -1.000000 0.000639 0.000111 -1.803649 0.000111 0.000012 1.000000 -145.654922
0.000634 1.000000 -0.000009 -28.065801 -1.000000 0.000634 0.000360 -1.804377 0.000360 0.000009 1.000000 -145.703813
0.000636 1.000000 -0.000008 -28.840816 -0.999999 0.000636 0.000970 -1.805062 0.000970 0.000007 1.000000 -145.753516
0.000635 1.000000 -0.000005 -29.605188 -0.999999 0.000635 0.001607 -1.805692 0.001607 0.000004 0.999999 -145.804035
0.000637 1.000000 -0.000004 -30.368053 -0.999998 0.000637 0.001648 -1.806762 0.001648 0.000003 0.999999 -145.855357
0.000636 1.000000 -0.000005 -31.140356 -0.999999 0.000636 0.001342 -1.808140 0.001342 0.000004 0.999999 -145.907453
0.000634 1.000000 -0.000005 -31.915959 -0.999999 0.000634 0.001293 -1.809408 0.001293 0.000004 0.999999 -145.960357
0.000634 1.000000 -0.000005 -32.682623 -0.999999 0.000634 0.001511 -1.810515 0.001511 0.000004 0.999999 -146.014086
0.000635 1.000000 -0.000006 -33.441470 -0.999999 0.000635 0.001597 -1.811650 0.001597 0.000005 0.999999 -146.068627
0.000641 1.000000 0.000003 -34.204616 -0.999999 0.000641 0.001604 -1.813190 0.001604 -0.000004 0.999999 -146.124013
0.000635 1.000000 -0.000001 -34.974761 -0.999997 0.000635 0.002257 -1.815665 0.002257 -0.000001 0.999997 -146.180169
0.000634 1.000000 -0.000005 -35.741440 -0.999994 0.000634 0.003294 -1.818285 0.003294 0.000003 0.999995 -146.237144
0.000632 1.000000 -0.000007 -36.498522 -0.999990 0.000632 0.004333 -1.820825 0.004333 0.000005 0.999991 -146.294954
0.000636 1.000000 -0.000001 -37.254488 -0.999989 0.000636 0.004607 -1.823962 0.004607 -0.000002 0.999989 -146.353601
0.000635 1.000000 -0.000004 -38.018923 -0.999991 0.000635 0.004300 -1.827737 0.004300 0.000002 0.999991 -146.413057
0.000634 1.000000 -0.000006 -38.786072 -0.999991 0.000634 0.004200 -1.831454 0.004200 0.000003 0.999991 -146.473323
0.000633 1.000000 -0.000007 -39.545402 -0.999990 0.000633 0.004353 -1.834973 0.004353 0.000004 0.999991 -146.534432
0.000633 1.000000 -0.000007 -40.298128 -0.999990 0.000633 0.004407 -1.838466 0.004407 0.000005 0.999990 -146.596368
0.000637 1.000000 -0.000022 -41.054491 -0.999990 0.000637 0.004363 -1.842232 0.004363 0.000019 0.999990 -146.659135
0.000634 1.000000 -0.000018 -41.815909 -0.999987 0.000634 0.005013 -1.846954 0.005013 0.000015 0.999987 -146.722719
0.000635 1.000000 -0.000015 -42.574041 -0.999982 0.000635 0.006025 -1.851912 0.006025 0.000011 0.999982 -146.787165
0.000634 1.000000 -0.000013 -43.324546 -0.999975 0.000634 0.007024 -1.856808 0.007024 0.000009 0.999975 -146.852430
0.000636 1.000000 -0.000017 -44.074501 -0.999972 0.000636 0.007408 -1.862154 0.007408 0.000012 0.999973 -146.918529
0.000636 1.000000 -0.000014 -44.830865 -0.999974 0.000636 0.007179 -1.868216 0.007179 0.000009 0.999974 -146.985465
0.000634 1.000000 -0.000012 -45.588494 -0.999975 0.000634 0.007088 -1.874275 0.007088 0.000007 0.999975 -147.053237
0.000634 1.000000 -0.000011 -46.340044 -0.999974 0.000634 0.007177 -1.880165 0.007177 0.000006 0.999974 -147.121848
0.000636 1.000000 -0.000010 -47.087245 -0.999974 0.000636 0.007189 -1.886016 0.007189 0.000006 0.999974 -147.191296
0.000640 1.000000 -0.000022 -47.837167 -0.999974 0.000640 0.007129 -1.892023 0.007129 0.000018 0.999975 -147.261569
0.000634 1.000000 -0.000022 -48.589240 -0.999969 0.000634 0.007786 -1.898951 0.007786 0.000017 0.999970 -147.332697
0.000633 1.000000 -0.000017 -49.338145 -0.999961 0.000634 0.008764 -1.906235 0.008764 0.000012 0.999962 -147.404649
0.000633 1.000000 -0.000015 -50.082269 -0.999953 0.000633 0.009701 -1.913504 0.009701 0.000009 0.999953 -147.477473
0.000632 1.000000 -0.000007 -50.826582 -0.999948 0.000632 0.010193 -1.921079 0.010193 0.000001 0.999948 -147.551153
0.000633 1.000000 -0.000009 -51.574662 -0.999949 0.000633 0.010065 -1.929407 0.010065 0.000003 0.999949 -147.625629
0.000634 1.000000 -0.000011 -52.322477 -0.999950 0.000634 0.009981 -1.937795 0.009981 0.000004 0.999950 -147.700961
0.000634 1.000000 -0.000011 -53.066330 -0.999950 0.000634 0.009998 -1.946059 0.009998 0.000005 0.999950 -147.777134
0.000636 1.000000 -0.000012 -53.807975 -0.999950 0.000636 0.009972 -1.954279 0.009972 0.000005 0.999950 -147.854149
0.000637 1.000000 -0.000009 -54.551080 -0.999951 0.000637 0.009903 -1.962534 0.009903 0.000003 0.999951 -147.932006
0.000635 1.000000 -0.000009 -55.294503 -0.999948 0.000635 0.010207 -1.971198 0.010207 0.000002 0.999948 -148.010703
0.000633 1.000000 -0.000011 -56.035361 -0.999943 0.000633 0.010703 -1.980077 0.010703 0.000004 0.999943 -148.090241
0.000634 1.000000 -0.000012 -56.773605 -0.999937 0.000634 0.011166 -1.988970 0.011166 0.000005 0.999938 -148.170605
0.000633 1.000000 -0.000010 -57.511982 -0.999934 0.000633 0.011446 -1.997973 0.011446 0.000002 0.999934 -148.251839
0.000633 1.000000 -0.000011 -58.251766 -0.999935 0.000633 0.011406 -2.007371 0.011406 0.000004 0.999935 -148.333897
0.000633 1.000000 -0.000012 -58.990563 -0.999935 0.000633 0.011374 -2.016818 0.011374 0.000005 0.999935 -148.416778
0.000633 1.000000 -0.000013 -59.726905 -0.999935 0.000633 0.011376 -2.026210 0.011376 0.000005 0.999935 -148.500512
0.000634 1.000000 -0.000013 -60.462138 -0.999935 0.000634 0.011350 -2.035586 0.011350 0.000006 0.999936 -148.585084
0.000633 1.000000 -0.000013 -61.197856 -0.999936 0.000633 0.011308 -2.044968 0.011308 0.000006 0.999936 -148.670476
0.000631 1.000000 -0.000013 -61.933268 -0.999936 0.000631 0.011302 -2.054330 0.011302 0.000006 0.999936 -148.756719
0.000632 1.000000 -0.000013 -62.666870 -0.999936 0.000632 0.011332 -2.063662 0.011332 0.000006 0.999936 -148.843795
0.000632 1.000000 -0.000013 -63.398869 -0.999935 0.000632 0.011341 -2.072994 0.011341 0.000006 0.999936 -148.931720
0.000632 1.000000 -0.000013 -64.130724 -0.999936 0.000632 0.011318 -2.082350 0.011318 0.000006 0.999936 -149.020445
0.000633 1.000000 -0.000013 -64.862564 -0.999936 0.000633 0.011303 -2.091711 0.011303 0.000006 0.999936 -149.110031
0.000634 1.000000 -0.000013 -65.593210 -0.999936 0.000634 0.011319 -2.101053 0.011319 0.000006 0.999936 -149.200430
0.000635 1.000000 -0.000013 -66.322221 -0.999936 0.000635 0.011337 -2.110386 0.011337 0.000006 0.999936 -149.291656
0.000634 1.000000 -0.000013 -67.050505 -0.999936 0.000634 0.011327 -2.119733 0.011327 0.000006 0.999936 -149.383691
0.000633 1.000000 -0.000013 -67.778699 -0.999936 0.000633 0.011309 -2.129091 0.011309 0.000006 0.999936 -149.476565
0.000632 1.000000 -0.000013 -68.506186 -0.999936 0.000632 0.011313 -2.138441 0.011313 0.000006 0.999936 -149.570261
0.000633 1.000000 -0.000013 -69.232235 -0.999936 0.000633 0.011329 -2.147779 0.011329 0.000006 0.999936 -149.664776
0.000632 1.000000 -0.000013 -69.957216 -0.999936 0.000632 0.011330 -2.157120 0.011330 0.000006 0.999936 -149.760108
0.000632 1.000000 -0.000013 -70.681839 -0.999936 0.000632 0.011317 -2.166473 0.011317 0.000006 0.999936 -149.856255
0.000632 1.000000 -0.000013 -71.406000 -0.999936 0.000632 0.011312 -2.175826 0.011312 0.000006 0.999936 -149.953215
0.000632 1.000000 -0.000013 -72.129054 -0.999936 0.000632 0.011323 -2.185169 0.011323 0.000006 0.999936 -150.050985
0.000633 1.000000 -0.000013 -72.850910 -0.999936 0.000634 0.011330 -2.194509 0.011330 0.000006 0.999936 -150.149563
0.000633 1.000000 -0.000013 -73.572122 -0.999936 0.000633 0.011322 -2.203858 0.011322 0.000006 0.999936 -150.248946
0.000632 1.000000 -0.000013 -74.292897 -0.999936 0.000632 0.011314 -2.213211 0.011314 0.000006 0.999936 -150.349116
0.000632 1.000000 -0.000013 -75.012827 -0.999936 0.000632 0.011319 -2.222557 0.011319 0.000006 0.999936 -150.450117
0.000632 1.000000 -0.000013 -75.731639 -0.999936 0.000632 0.011327 -2.231898 0.011327 0.000006 0.999936 -150.551900
0.000632 1.000000 -0.000013 -76.449596 -0.999936 0.000632 0.011325 -2.241244 0.011325 0.000006 0.999936 -150.654476
0.000633 1.000000 -0.000013 -77.167045 -0.999936 0.000633 0.011317 -2.250594 0.011317 0.000006 0.999936 -150.757828
0.000632 1.000000 -0.000013 -77.883829 -0.999936 0.000632 0.011317 -2.259944 0.011317 0.000006 0.999936 -150.861983
0.000632 1.000000 -0.000013 -78.599614 -0.999936 0.000632 0.011323 -2.269287 0.011323 0.000006 0.999936 -150.966922
0.000632 1.000000 -0.000013 -79.314451 -0.999936 0.000632 0.011325 -2.278631 0.011325 0.000006 0.999936 -151.072657
0.000633 1.000000 -0.000013 -80.028663 -0.999936 0.000633 0.011320 -2.287980 0.011320 0.000006 0.999936 -151.179139
0.003567 0.999994 -0.000342 -80.742124 -0.999930 0.003571 0.011319 -2.297327 0.011320 0.000301 0.999936 -151.281313
0.004153 0.999991 -0.000103 -81.454846 -0.999927 0.004154 0.011320 -2.306673 0.011320 0.000056 0.999936 -151.386608
0.007608 0.999971 -0.000836 -82.166435 -0.999907 0.007617 0.011326 -2.316010 0.011332 0.000750 0.999936 -151.486824
0.013655 0.999907 -0.000645 -82.876704 -0.999843 0.013662 0.011321 -2.325348 0.011329 0.000490 0.999936 -151.581395
0.018335 0.999831 -0.001166 -83.586948 -0.999768 0.018347 0.011296 -2.334699 0.011315 0.000959 0.999936 -151.674313
0.027711 0.999615 -0.001246 -84.295820 -0.999552 0.027724 0.011283 -2.344036 0.011313 0.000933 0.999936 -151.756281
0.031418 0.999506 -0.000915 -85.004712 -0.999443 0.031427 0.011268 -2.353373 0.011292 0.000560 0.999936 -151.841579
0.043936 0.999032 -0.002176 -85.710371 -0.998969 0.043958 0.011362 -2.362795 0.011446 0.001675 0.999933 -151.908640
0.051702 0.998662 -0.001346 -86.415769 -0.998596 0.051714 0.011465 -2.372378 0.011519 0.000751 0.999933 -151.976702
0.059840 0.998206 -0.001979 -87.120598 -0.998138 0.059859 0.011723 -2.382139 0.011820 0.001274 0.999929 -152.037048
0.073965 0.997259 -0.002130 -87.823009 -0.997190 0.073985 0.011765 -2.391436 0.011891 0.001254 0.999929 -152.081783
0.084931 0.996384 -0.002367 -88.524266 -0.996316 0.084953 0.011725 -2.401604 0.011883 0.001362 0.999928 -152.121936
0.101354 0.994847 -0.002557 -89.222304 -0.994779 0.101377 0.011736 -2.411042 0.011935 0.001354 0.999928 -152.144395
0.111053 0.993813 -0.001958 -89.921228 -0.993745 0.111069 0.011619 -2.421115 0.011765 0.000656 0.999931 -152.166152
0.128203 0.991743 -0.003226 -90.614883 -0.991675 0.128232 0.011671 -2.430828 0.011989 0.001702 0.999927 -152.166801
0.141526 0.989932 -0.002451 -91.307542 -0.989864 0.141545 0.011601 -2.440462 0.011831 0.000785 0.999930 -152.162635
0.153298 0.988176 -0.002978 -91.998201 -0.988108 0.153322 0.011588 -2.450578 0.011908 0.001166 0.999928 -152.149451
0.171484 0.985181 -0.003273 -92.683913 -0.985115 0.171511 0.011548 -2.459997 0.011939 0.001244 0.999928 -152.116624
0.185955 0.982552 -0.003523 -93.368125 -0.982487 0.185983 0.011367 -2.470108 0.011824 0.001347 0.999929 -152.076631
0.205723 0.978603 -0.003815 -94.046165 -0.978537 0.205753 0.011446 -2.479727 0.011985 0.001378 0.999927 -152.016404
0.218018 0.975940 -0.003119 -94.724784 -0.975873 0.218040 0.011393 -2.489543 0.011799 0.000560 0.999930 -151.953744
0.237000 0.971499 -0.004474 -95.395038 -0.971436 0.237036 0.011247 -2.499534 0.011986 0.001680 0.999927 -151.869054
0.252386 0.967619 -0.003737 -96.063135 -0.967553 0.252413 0.011349 -2.509008 0.011925 0.000751 0.999929 -151.777464
0.265479 0.964107 -0.004233 -96.728570 -0.964044 0.265511 0.011117 -2.519190 0.011841 0.001129 0.999929 -151.676116
0.284989 0.958520 -0.004640 -97.385696 -0.958456 0.285024 0.011130 -2.528710 0.011991 0.001276 0.999927 -151.554123
0.300501 0.953770 -0.004771 -98.040539 -0.953708 0.300536 0.010890 -2.538606 0.011821 0.001278 0.999929 -151.424236
0.321077 0.947039 -0.005206 -98.686009 -0.946977 0.321116 0.010896 -2.548532 0.011991 0.001431 0.999927 -151.273509
0.334044 0.942547 -0.004444 -99.331696 -0.942482 0.334073 0.011032 -2.558089 0.011883 0.000503 0.999929 -151.119788
0.353222 0.935522 -0.005787 -99.966223 -0.935464 0.353266 0.010551 -2.568241 0.011916 0.001687 0.999928 -150.944269
0.368927 0.929444 -0.005156 -100.596996 -0.929381 0.368962 0.010843 -2.577736 0.011980 0.000791 0.999928 -150.761364
0.382129 0.924093 -0.005539 -101.224306 -0.924034 0.382167 0.010487 -2.587754 0.011808 0.001111 0.999930 -150.568594
