-0.999743 -0.022610 -0.001330 132.784409 0.022610 -0.999744 0.000030 -1.803884 -0.001330 0.000000 0.999999 -102.308601
-0.999743 -0.022610 -0.001410 132.793181 0.022610 -0.999744 0.000032 -1.803921 -0.001411 0.000000 0.999999 -102.693484
-0.999743 -0.022612 -0.001480 132.802912 0.022612 -0.999744 0.000034 -1.803953 -0.001481 0.000000 0.999999 -103.113832
-0.999743 -0.022612 -0.001496 132.813572 0.022612 -0.999744 0.000034 -1.803961 -0.001497 0.000000 0.999999 -103.568753
-0.999743 -0.022614 -0.001473 132.825098 0.022614 -0.999744 0.000034 -1.803950 -0.001473 0.000000 0.999999 -104.056775
-0.999743 -0.022618 -0.001301 132.837430 0.022618 -0.999744 0.000030 -1.804159 -0.001302 0.000000 0.999999 -104.573221
-0.999744 -0.022618 -0.000681 132.849896 0.022618 -0.999744 0.000015 -1.803882 -0.000681 -0.000000 1.000000 -105.089349
-0.999745 -0.022588 -0.000463 132.862649 0.022588 -0.999745 0.000011 -1.803728 -0.000463 0.000000 1.000000 -105.611920
-0.999742 -0.022686 -0.000684 132.876055 0.022686 -0.999743 0.000007 -1.803784 -0.000684 -0.000009 1.000000 -106.154764
-0.999742 -0.022676 -0.000880 132.890113 0.022676 -0.999743 0.000020 -1.803850 -0.000880 0.000000 1.000000 -106.722734
-0.999742 -0.022683 -0.001094 132.904731 0.022683 -0.999743 0.000043 -1.803939 -0.001095 0.000018 0.999999 -107.318780
-0.999750 -0.022340 -0.000952 132.920351 0.022340 -0.999750 0.000019 -1.803871 -0.000952 -0.000002 1.000000 -107.935587
-0.999753 -0.022174 -0.001147 132.936684 0.022174 -0.999754 0.000019 -1.803959 -0.001147 -0.000006 0.999999 -108.570605
-0.999746 -0.022407 -0.002232 132.954858 0.022407 -0.999749 0.000048 -1.804456 -0.002232 -0.000002 0.999998 -109.290444
-0.999743 -0.022569 -0.002329 132.974139 0.022569 -0.999745 0.000053 -1.804501 -0.002329 0.000001 0.999997 -110.060840
-0.999745 -0.022495 -0.001993 132.994330 0.022495 -0.999747 0.000057 -1.804348 -0.001994 0.000012 0.999998 -110.867412
-0.999745 -0.022545 -0.001585 133.015414 0.022545 -0.999746 0.000035 -1.804162 -0.001586 -0.000001 0.999999 -111.702252
-0.999745 -0.022548 -0.000909 133.036764 0.022548 -0.999746 0.000022 -1.803852 -0.000909 0.000002 1.000000 -112.546120
-0.999746 -0.022555 -0.000087 133.057923 0.022555 -0.999746 0.000002 -1.803475 -0.000087 0.000000 1.000000 -113.374972
-0.999745 -0.022561 0.000351 133.078860 0.022561 -0.999745 -0.000008 -1.803273 0.000351 0.000000 1.000000 -114.187167
-0.999745 -0.022564 0.000223 133.099894 0.022564 -0.999745 -0.000005 -1.803332 0.000224 0.000000 1.000000 -114.997948
-0.999818 -0.019075 -0.000161 133.115408 0.019075 -0.999818 0.000689 -1.803514 -0.000174 0.000686 1.000000 -115.821900
-0.999890 -0.014840 -0.000455 133.128363 0.014840 -0.999890 0.000185 -1.803645 -0.000458 0.000178 1.000000 -116.662774
-0.999941 -0.010820 -0.000152 133.138102 0.010820 -0.999941 0.000736 -1.803507 -0.000160 0.000735 1.000000 -117.501023
-1.000000 0.000064 0.000248 133.133316 -0.000063 -1.000000 0.000825 -1.803319 0.000248 0.000825 1.000000 -118.323125
-0.999985 0.005510 0.000294 133.130240 -0.005510 -0.999985 0.000362 -1.803298 0.000296 0.000360 1.000000 -119.137410
-0.999692 0.024799 -0.000020 133.098143 -0.024799 -0.999689 0.002523 -1.803410 0.000043 0.002522 0.999997 -119.956631
-0.998587 0.053139 -0.000407 133.038258 -0.053140 -0.998584 0.002299 -1.803560 -0.000284 0.002317 0.999997 -120.787989
-0.997469 0.071107 -0.000364 132.974359 -0.071108 -0.997468 0.001226 -1.803559 -0.000276 0.001249 0.999999 -121.626385
-0.996523 0.083315 0.000018 132.904338 -0.083315 -0.996523 0.000789 -1.803395 0.000083 0.000785 1.000000 -122.454276
-0.995458 0.095199 0.000253 132.824760 -0.095198 -0.995457 0.001312 -1.803260 0.000377 0.001282 0.999999 -123.265802
-0.991262 0.131904 -0.000155 132.694519 -0.131904 -0.991255 0.003854 -1.803259 0.000355 0.003841 0.999993 -124.063324
-0.986225 0.165406 -0.000507 132.543794 -0.165406 -0.986222 0.002512 -1.803467 -0.000085 0.002562 0.999997 -124.870224
-0.982336 0.187124 -0.000700 132.381769 -0.187124 -0.982335 0.001390 -1.803628 -0.000427 0.001497 0.999999 -125.694388
-0.978540 0.206055 -0.000558 132.204828 -0.206056 -0.978539 0.001695 -1.803522 -0.000197 0.001773 0.999998 -126.515618
-0.971453 0.237233 -0.000412 131.994689 -0.237233 -0.971449 0.002714 -1.803316 0.000244 0.002734 0.999996 -127.311847
-0.965748 0.259483 -0.000114 131.778878 -0.259482 -0.965746 0.001618 -1.803289 0.000310 0.001592 0.999999 -128.098447
-0.957507 0.288410 -0.000820 131.530216 -0.288411 -0.957502 0.002994 -1.803391 0.000078 0.003104 0.999995 -128.880341
-0.947595 0.319472 -0.001039 131.252014 -0.319473 -0.947593 0.002268 -1.803548 -0.000260 0.002481 0.999997 -129.667041
-0.934376 0.356285 -0.001557 130.938778 -0.356288 -0.934369 0.003783 -1.803470 -0.000107 0.004089 0.999992 -130.442667
-0.912834 0.408328 -0.001680 130.578191 -0.408332 -0.912823 0.004425 -1.803289 0.000273 0.004725 0.999989 -131.180070
-0.896082 0.443887 -0.001011 130.205623 -0.443888 -0.896079 0.002553 -1.803322 0.000227 0.002737 0.999996 -131.910589
-0.884046 0.467400 -0.000861 129.816006 -0.467401 -0.884044 0.001516 -1.803456 -0.000053 0.001742 0.999998 -132.643239
-0.873399 0.487003 -0.001107 129.407552 -0.487005 -0.873398 0.001667 -1.803503 -0.000156 0.001995 0.999998 -133.373727
-0.854709 0.519105 -0.001588 128.965765 -0.519107 -0.854704 0.002819 -1.803377 0.000106 0.003234 0.999995 -134.073745
-0.837998 0.545672 -0.001280 128.514293 -0.545674 -0.837994 0.002456 -1.803305 0.000267 0.002757 0.999996 -134.757084
-0.808188 0.588918 -0.002773 128.015416 -0.588924 -0.808177 0.004281 -1.803284 0.000280 0.005093 0.999987 -135.399432
-0.778877 0.627172 -0.002345 127.484566 -0.627176 -0.778872 0.002747 -1.803469 -0.000103 0.003610 0.999993 -136.032922
-0.758641 0.651507 -0.001612 126.935413 -0.651509 -0.758640 0.001425 -1.803565 -0.000295 0.002131 0.999998 -136.669664
-0.744270 0.667878 -0.000884 126.382085 -0.667879 -0.744269 0.001039 -1.803416 0.000036 0.001364 0.999999 -137.292519
-0.724511 0.689261 -0.001699 125.817545 -0.689263 -0.724507 0.002410 -1.803230 0.000431 0.002917 0.999996 -137.878991
-0.702871 0.711316 -0.001398 125.240007 -0.711317 -0.702869 0.001868 -1.803270 0.000346 0.002308 0.999997 -138.443679
-0.685648 0.727931 -0.001610 124.645165 -0.727933 -0.685647 0.001457 -1.803450 -0.000043 0.002171 0.999998 -139.006385
-0.649811 0.760086 -0.003756 124.003553 -0.760096 -0.649804 0.002943 -1.803509 -0.000203 0.004767 0.999989 -139.528499
-0.615627 0.788033 -0.002692 123.341857 -0.788038 -0.615624 0.001868 -1.803509 -0.000185 0.003271 0.999995 -140.033120
-0.593046 0.805167 -0.001463 122.678927 -0.805168 -0.593045 0.001190 -1.803389 0.000090 0.001884 0.999998 -140.525873
-0.574114 0.818774 -0.001481 122.015881 -0.818775 -0.574113 0.001452 -1.803275 0.000339 0.002046 0.999998 -140.996256
-0.536254 0.844049 -0.003507 121.328488 -0.844057 -0.536248 0.002645 -1.803257 0.000352 0.004378 0.999990 -141.413411
-0.503106 0.864221 -0.002504 120.619598 -0.864225 -0.503104 0.001364 -1.803464 -0.000081 0.002850 0.999996 -141.819417
-0.481012 0.876712 -0.001692 119.889301 -0.876714 -0.481012 0.000457 -1.803621 -0.000413 0.001703 0.999998 -142.225653
-0.465488 0.885053 -0.001034 119.156508 -0.885054 -0.465488 0.000384 -1.803498 -0.000141 0.001094 0.999999 -142.622012
-0.442422 0.896804 -0.002243 118.427297 -0.896807 -0.442420 0.001495 -1.803269 0.000348 0.002673 0.999996 -142.982244
-0.417195 0.908816 -0.001711 117.700636 -0.908817 -0.417193 0.001284 -1.803222 0.000453 0.002091 0.999998 -143.316752
-0.384736 0.923020 -0.003437 116.959220 -0.923026 -0.384733 0.001704 -1.803307 0.000251 0.003828 0.999993 -143.619273
-0.338793 0.940853 -0.003850 116.190976 -0.940861 -0.338791 0.001249 -1.803479 -0.000129 0.004045 0.999992 -143.878680
-0.307483 0.951551 -0.002327 115.400067 -0.951553 -0.307484 0.000270 -1.803640 -0.000458 0.002297 0.999997 -144.135494
-0.285931 0.958249 -0.001416 114.607190 -0.958250 -0.285931 0.000245 -1.803511 -0.000170 0.001427 0.999999 -144.380663
-0.267629 0.963521 -0.001580 113.826868 -0.963522 -0.267628 0.000746 -1.803296 0.000296 0.001722 0.999998 -144.606413
-0.239732 0.970837 -0.002201 113.053386 -0.970839 -0.239730 0.001029 -1.803213 0.000471 0.002383 0.999997 -144.796200
-0.220158 0.975463 -0.001314 112.274044 -0.975464 -0.220158 0.000452 -1.803362 0.000152 0.001381 0.999999 -144.980626
-0.195467 0.980707 -0.002375 111.475558 -0.980710 -0.195467 0.000230 -1.803540 -0.000239 0.002374 0.999997 -145.141407
-0.174289 0.984693 -0.001572 110.659826 -0.984694 -0.174290 -0.000181 -1.803640 -0.000452 0.001517 0.999999 -145.292636
-0.156938 0.987607 -0.001666 109.847702 -0.987609 -0.156937 0.000176 -1.803472 -0.000087 0.001673 0.999999 -145.431470
-0.136090 0.990695 -0.001454 109.049644 -0.990696 -0.136090 0.000506 -1.803293 0.000304 0.001509 0.999999 -145.546961
-0.123785 0.992309 -0.000762 108.256465 -0.992309 -0.123784 0.000367 -1.803310 0.000270 0.000802 1.000000 -145.659674
-0.105576 0.994410 -0.001656 107.452269 -0.994411 -0.105576 0.000115 -1.803460 -0.000060 0.001659 0.999999 -145.751231
-0.094431 0.995531 -0.000717 106.632095 -0.995531 -0.094431 -0.000309 -1.803606 -0.000375 0.000684 1.000000 -145.843203
-0.078786 0.996891 -0.001382 105.812991 -0.996892 -0.078786 -0.000025 -1.803494 -0.000134 0.001375 0.999999 -145.916524
-0.070586 0.997506 -0.000415 105.007520 -0.997506 -0.070586 0.000239 -1.803338 0.000209 0.000431 1.000000 -145.990050
-0.065650 0.997843 -0.000280 104.209615 -0.997843 -0.065650 0.000281 -1.803314 0.000262 0.000297 1.000000 -146.059836
-0.054825 0.998496 -0.000963 103.404067 -0.998496 -0.054825 0.000026 -1.803446 -0.000027 0.000963 1.000000 -146.114999
-0.050295 0.998734 -0.000238 102.583793 -0.998734 -0.050296 -0.000327 -1.803589 -0.000338 0.000221 1.000000 -146.174360
-0.041223 0.999150 -0.000796 101.763148 -0.999150 -0.041223 -0.000139 -1.803513 -0.000172 0.000789 1.000000 -146.220824
-0.037188 0.999308 -0.000188 100.954895 -0.999308 -0.037188 0.000171 -1.803359 0.000163 0.000194 1.000000 -146.269201
-0.034762 0.999396 -0.000134 100.155711 -0.999396 -0.034762 0.000269 -1.803312 0.000265 0.000144 1.000000 -146.315381
-0.028986 0.999580 -0.000477 99.350541 -0.999580 -0.028986 0.000011 -1.803435 -0.000003 0.000477 1.000000 -146.353527
-0.026878 0.999639 -0.000107 98.531050 -0.999639 -0.026878 -0.000312 -1.803579 -0.000315 0.000098 1.000000 -146.394452
-0.023699 0.999719 -0.000431 97.709496 -0.999719 -0.023699 -0.000195 -1.803529 -0.000205 0.000427 1.000000 -146.431146
-0.020586 0.999788 -0.000143 96.899639 -0.999788 -0.020586 0.000138 -1.803372 0.000135 0.000146 1.000000 -146.465495
-0.019615 0.999808 -0.000042 96.100432 -0.999808 -0.019615 0.000283 -1.803305 0.000282 0.000047 1.000000 -146.500405
-0.016308 0.999867 -0.000268 95.296885 -0.999867 -0.016308 0.000043 -1.803416 0.000039 0.000269 1.000000 -146.530119
-0.015257 0.999884 -0.000048 94.479454 -0.999884 -0.015257 -0.000284 -1.803565 -0.000285 0.000043 1.000000 -146.561786
-0.013461 0.999909 -0.000253 93.657022 -0.999909 -0.013462 -0.000254 -1.803552 -0.000257 0.000250 1.000000 -146.590898
-0.011696 0.999932 -0.000079 92.844776 -0.999932 -0.011696 0.000081 -1.803397 0.000080 0.000080 1.000000 -146.618729
-0.011185 0.999937 -0.000021 92.045361 -0.999937 -0.011185 0.000301 -1.803296 0.000301 0.000024 1.000000 -146.646891
-0.009265 0.999957 -0.000156 91.244523 -0.999957 -0.009265 0.000112 -1.803383 0.000111 0.000157 1.000000 -146.671928
-0.008667 0.999962 -0.000026 90.430500 -0.999962 -0.008667 -0.000237 -1.803544 -0.000238 0.000024 1.000000 -146.698075
-0.007263 0.999974 -0.000219 89.606860 -0.999974 -0.007263 -0.000332 -1.803587 -0.000333 0.000217 1.000000 -146.722106
-0.005810 0.999983 -0.000064 88.790362 -0.999983 -0.005810 -0.000019 -1.803443 -0.000019 0.000064 1.000000 -146.745097
-0.005463 0.999985 -0.000013 87.988014 -0.999985 -0.005463 0.000279 -1.803306 0.000279 0.000015 1.000000 -146.768506
-0.005135 0.999987 -0.000018 87.188376 -0.999987 -0.005135 0.000187 -1.803348 0.000187 0.000019 1.000000 -146.791364
-0.004928 0.999988 -0.000013 86.377217 -0.999988 -0.004928 -0.000164 -1.803510 -0.000164 0.000012 1.000000 -146.814077
-0.004051 0.999992 -0.000075 85.552800 -0.999992 -0.004051 -0.000372 -1.803605 -0.000372 0.000073 1.000000 -146.835462
-0.003814 0.999993 -0.000008 84.733029 -0.999993 -0.003814 -0.000091 -1.803476 -0.000091 0.000008 1.000000 -146.857267
-0.003357 0.999994 -0.000067 83.927552 -0.999994 -0.003357 0.000247 -1.803321 0.000247 0.000068 1.000000 -146.878233
-0.002888 0.999996 -0.000020 83.128187 -0.999996 -0.002888 0.000244 -1.803322 0.000244 0.000021 1.000000 -146.898751
-0.002760 0.999996 -0.000006 82.319274 -0.999996 -0.002760 -0.000095 -1.803478 -0.000095 0.000006 1.000000 -146.919361
-0.002203 0.999998 -0.000046 81.494608 -0.999997 -0.002203 -0.000390 -1.803614 -0.000390 0.000045 1.000000 -146.938989
-0.002043 0.999998 -0.000006 80.672061 -0.999998 -0.002043 -0.000151 -1.803504 -0.000151 0.000006 1.000000 -146.958786
-0.001633 0.999999 -0.000033 79.864241 -0.999999 -0.001633 0.000226 -1.803331 0.000226 0.000033 1.000000 -146.977784
-0.001489 0.999999 -0.000005 79.066124 -0.999999 -0.001489 0.000313 -1.803290 0.000313 0.000006 1.000000 -146.996800
-0.001263 0.999999 -0.000032 78.261654 -0.999999 -0.001263 0.000011 -1.803429 0.000010 0.000032 1.000000 -147.015399
-0.001043 0.999999 -0.000010 77.442338 -0.999999 -0.001043 -0.000321 -1.803582 -0.000321 0.000010 1.000000 -147.033695
-0.000976 1.000000 -0.000004 76.619065 -0.999999 -0.000976 -0.000253 -1.803550 -0.000253 0.000003 1.000000 -147.051910
-0.000733 1.000000 -0.000020 75.806603 -1.000000 -0.000733 0.000097 -1.803390 0.000097 0.000020 1.000000 -147.069548
-0.000654 1.000000 -0.000003 75.006467 -1.000000 -0.000654 0.000301 -1.803296 0.000301 0.000003 1.000000 -147.087150
-0.000523 1.000000 -0.000019 74.204057 -1.000000 -0.000523 0.000093 -1.803391 0.000093 0.000019 1.000000 -147.104389
-0.000395 1.000000 -0.000006 73.388164 -1.000000 -0.000395 -0.000250 -1.803549 -0.000250 0.000006 1.000000 -147.121348
-0.000356 1.000000 -0.000002 72.563559 -1.000000 -0.000356 -0.000320 -1.803581 -0.000320 0.000002 1.000000 -147.138172
-0.000210 1.000000 -0.000012 71.746536 -1.000000 -0.000210 -0.000002 -1.803435 -0.000002 0.000012 1.000000 -147.154518
-0.000165 1.000000 -0.000002 70.943666 -1.000000 -0.000165 0.000290 -1.803301 0.000290 0.000002 1.000000 -147.170745
-0.000087 1.000000 -0.000011 70.142840 -1.000000 -0.000087 0.000180 -1.803351 0.000180 0.000011 1.000000 -147.186630
-0.000012 1.000000 -0.000003 69.330007 -1.000000 -0.000012 -0.000177 -1.803516 -0.000177 0.000003 1.000000 -147.202258
0.000012 1.000000 -0.000001 68.503866 -1.000000 0.000012 -0.000379 -1.803609 -0.000379 0.000001 1.000000 -147.217682
0.000099 1.000000 -0.000007 67.682535 -1.000000 0.000099 -0.000089 -1.803475 -0.000089 0.000007 1.000000 -147.232695
0.000125 1.000000 -0.000001 66.875591 -1.000000 0.000125 0.000251 -1.803319 0.000251 0.000001 1.000000 -147.247519
0.000172 1.000000 -0.000006 66.074533 -1.000000 0.000172 0.000244 -1.803322 0.000244 0.000006 1.000000 -147.262008
0.000216 1.000000 -0.000002 65.263716 -1.000000 0.000216 -0.000099 -1.803480 -0.000099 0.000002 1.000000 -147.276201
0.000250 1.000000 -0.000005 64.437006 -1.000000 0.000250 -0.000394 -1.803615 -0.000394 0.000005 1.000000 -147.290104
0.000285 1.000000 -0.000002 63.612413 -1.000000 0.000285 -0.000151 -1.803504 -0.000151 0.000002 1.000000 -147.303665
0.000295 1.000000 -0.000001 62.802598 -1.000000 0.000295 0.000228 -1.803329 0.000228 0.000000 1.000000 -147.316950
0.000330 1.000000 -0.000003 62.002457 -1.000000 0.000330 0.000315 -1.803289 0.000315 0.000003 1.000000 -147.329907
0.000343 1.000000 -0.000000 61.195876 -1.000000 0.000343 0.000012 -1.803429 0.000012 0.000000 1.000000 -147.342573
0.000363 1.000000 -0.000003 60.374372 -1.000000 0.000363 -0.000321 -1.803582 -0.000321 0.000003 1.000000 -147.354880
0.000383 1.000000 -0.000001 59.548696 -1.000000 0.000383 -0.000256 -1.803552 -0.000256 0.000001 1.000000 -147.366865
0.000389 1.000000 -0.000001 58.733700 -1.000000 0.000389 0.000094 -1.803391 0.000094 0.000001 1.000000 -147.378550
0.000412 1.000000 -0.000002 57.931053 -1.000000 0.000412 0.000302 -1.803295 0.000302 0.000002 1.000000 -147.389820
0.000418 1.000000 -0.000000 57.126202 -1.000000 0.000418 0.000097 -1.803390 0.000097 0.000000 1.000000 -147.400776
0.000430 1.000000 -0.000001 56.307790 -1.000000 0.000430 -0.000248 -1.803548 -0.000248 0.000001 1.000000 -147.411316
0.000439 1.000000 -0.000000 55.480392 -1.000000 0.000439 -0.000323 -1.803583 -0.000323 0.000000 1.000000 -147.421509
0.000441 1.000000 -0.000000 54.660371 -1.000000 0.000441 -0.000006 -1.803437 -0.000006 0.000000 1.000000 -147.431331
0.000451 1.000000 -0.000001 53.854420 -1.000000 0.000451 0.000288 -1.803302 0.000288 0.000001 1.000000 -147.440761
0.000453 1.000000 -0.000000 53.050561 -1.000000 0.000453 0.000182 -1.803351 0.000182 -0.000000 1.000000 -147.449819
0.000459 1.000000 -0.000001 52.234705 -1.000000 0.000459 -0.000175 -1.803514 -0.000175 0.000001 1.000000 -147.458482
0.000466 1.000000 -0.000000 51.405492 -1.000000 0.000466 -0.000377 -1.803608 -0.000377 0.000000 1.000000 -147.466728
0.000466 1.000000 -0.000000 50.580968 -1.000000 0.000466 -0.000089 -1.803475 -0.000089 0.000000 1.000000 -147.474563
0.000475 1.000000 -0.000001 49.770708 -1.000000 0.000475 0.000250 -1.803319 0.000250 0.000001 1.000000 -147.481994
0.000478 1.000000 -0.000000 48.966282 -1.000000 0.000478 0.000243 -1.803322 0.000243 0.000000 1.000000 -147.488999
0.000484 1.000000 -0.000001 48.152020 -1.000000 0.000484 -0.000098 -1.803479 -0.000098 0.000001 1.000000 -147.495554
0.000491 1.000000 -0.000000 47.321799 -1.000000 0.000491 -0.000393 -1.803615 -0.000393 0.000000 1.000000 -147.501680
0.000494 1.000000 -0.000000 46.493635 -1.000000 0.000494 -0.000151 -1.803504 -0.000151 0.000000 1.000000 -147.507341
0.000499 1.000000 -0.000001 45.680148 -1.000000 0.000499 0.000228 -1.803329 0.000228 0.000001 1.000000 -147.512557
0.000503 1.000000 -0.000000 44.876261 -1.000000 0.000503 0.000315 -1.803289 0.000315 0.000000 1.000000 -147.517306
0.000509 1.000000 -0.000000 44.065856 -1.000000 0.000509 0.000012 -1.803429 0.000012 0.000000 1.000000 -147.521565
0.000515 1.000000 -0.000000 43.240442 -1.000000 0.000515 -0.000321 -1.803582 -0.000321 0.000000 1.000000 -147.525341
0.000519 1.000000 -0.000000 42.410785 -1.000000 0.000519 -0.000256 -1.803552 -0.000256 0.000001 1.000000 -147.528625
0.000523 1.000000 -0.000000 41.591739 -1.000000 0.000523 0.000095 -1.803391 0.000095 0.000000 1.000000 -147.531424
0.000527 1.000000 -0.000001 40.784959 -1.000000 0.000527 0.000302 -1.803295 0.000302 0.000000 1.000000 -147.533702
0.000531 1.000000 -0.000000 39.975870 -1.000000 0.000531 0.000097 -1.803390 0.000097 0.000000 1.000000 -147.535463
0.000534 1.000000 -0.000000 39.153161 -1.000000 0.000534 -0.000248 -1.803548 -0.000248 0.000000 1.000000 -147.536640
0.000533 1.000000 0.000000 38.321391 -1.000000 0.000533 -0.000323 -1.803582 -0.000323 0.000000 1.000000 -147.537286
0.000531 1.000000 0.000000 37.496945 -1.000000 0.000531 -0.000005 -1.803437 -0.000005 -0.000000 1.000000 -147.537469
0.000533 1.000000 -0.000000 36.686489 -1.000000 0.000533 0.000288 -1.803302 0.000288 0.000000 1.000000 -147.537043
0.000534 1.000000 -0.000000 35.878032 -1.000000 0.000534 0.000182 -1.803351 0.000182 0.000000 1.000000 -147.536108
0.000537 1.000000 0.000000 35.057494 -1.000000 0.000537 -0.000175 -1.803514 -0.000175 0.000000 1.000000 -147.534549
0.000534 1.000000 0.000001 34.223527 -1.000000 0.000534 -0.000378 -1.803608 -0.000378 -0.000001 1.000000 -147.532433
0.000533 1.000000 -0.000000 33.394168 -1.000000 0.000533 -0.000089 -1.803475 -0.000089 0.000000 1.000000 -147.529739
0.000533 1.000000 -0.000000 32.578992 -1.000000 0.000533 0.000250 -1.803319 0.000250 0.000000 1.000000 -147.526504
0.000533 1.000000 -0.000000 31.769566 -1.000000 0.000533 0.000243 -1.803322 0.000243 0.000000 1.000000 -147.522689
0.000536 1.000000 -0.000000 30.950242 -1.000000 0.000536 -0.000098 -1.803479 -0.000098 0.000000 1.000000 -147.518180
0.000534 1.000000 0.000001 30.114874 -1.000000 0.000534 -0.000393 -1.803615 -0.000393 -0.000001 1.000000 -147.513077
0.000551 0.999997 0.002359 29.282983 -1.000000 0.000549 0.000650 -1.804481 0.000648 -0.002360 0.999997 -147.511078
0.000896 1.000000 0.000117 28.462893 -1.000000 0.000896 0.000440 -1.803879 0.000440 -0.000118 1.000000 -147.501480
0.001563 0.999999 -0.000095 27.652274 -0.999999 0.001563 0.000281 -1.803344 0.000281 0.000095 1.000000 -147.494362
0.002055 0.999998 -0.000031 26.834246 -0.999998 0.002055 -0.000050 -1.803352 -0.000050 0.000031 1.000000 -147.487747
0.002227 0.999997 0.000913 26.000655 -0.999997 0.002228 -0.001202 -1.804601 -0.001204 -0.000910 0.999999 -147.481948
0.001915 0.999998 -0.000046 25.167156 -0.999998 0.001915 -0.000299 -1.803689 -0.000299 0.000047 1.000000 -147.471799
0.001583 0.999999 -0.000083 24.345838 -0.999999 0.001583 0.000212 -1.803300 0.000212 0.000083 1.000000 -147.461857
0.001310 0.999999 -0.000046 23.532206 -0.999999 0.001310 0.000288 -1.803248 0.000288 0.000046 1.000000 -147.451365
0.001150 0.999999 -0.000026 22.710179 -0.999999 0.001150 -0.000029 -1.803412 -0.000029 0.000026 1.000000 -147.440164
0.001015 0.999999 -0.000010 21.874971 -0.999999 0.001015 -0.000290 -1.803551 -0.000290 0.000011 1.000000 -147.428337
0.000922 1.000000 -0.000007 21.040977 -1.000000 0.000922 -0.000117 -1.803482 -0.000117 0.000007 1.000000 -147.415861
0.000868 1.000000 -0.000006 20.219572 -1.000000 0.000868 0.000204 -1.803339 0.000204 0.000006 1.000000 -147.402700
0.000813 1.000000 -0.000003 19.402759 -1.000000 0.000813 0.000195 -1.803345 0.000195 0.000003 1.000000 -147.388906
0.000788 1.000000 -0.000005 18.575234 -1.000000 0.000788 -0.000129 -1.803494 -0.000129 0.000005 1.000000 -147.374381
0.000744 1.000000 -0.000002 17.736882 -1.000000 0.000744 -0.000282 -1.803564 -0.000282 0.000002 1.000000 -147.359178
0.000730 1.000000 -0.000004 16.904389 -1.000000 0.000730 -0.000017 -1.803442 -0.000017 0.000004 1.000000 -147.343214
0.000717 1.000000 -0.000004 16.084245 -1.000000 0.000717 0.000250 -1.803320 0.000250 0.000004 1.000000 -147.326542
0.000715 1.000000 -0.000004 15.264161 -1.000000 0.000715 0.000124 -1.803377 0.000124 0.000004 1.000000 -147.309126
0.000699 1.000000 -0.000004 14.431373 -1.000000 0.000699 -0.000203 -1.803528 -0.000203 0.000004 1.000000 -147.290957
0.000691 1.000000 -0.000004 13.591784 -1.000000 0.000691 -0.000236 -1.803543 -0.000236 0.000004 1.000000 -147.272044
0.000686 1.000000 -0.000004 12.761135 -1.000000 0.000686 0.000068 -1.803403 0.000068 0.000004 1.000000 -147.252365
0.000677 1.000000 -0.000004 11.940360 -1.000000 0.000677 0.000239 -1.803324 0.000239 0.000004 1.000000 -147.231928
0.000678 1.000000 -0.000005 11.115026 -1.000000 0.000678 0.000024 -1.803423 0.000024 0.000005 1.000000 -147.210695
0.000665 1.000000 -0.000004 10.276859 -1.000000 0.000665 -0.000252 -1.803550 -0.000252 0.000004 1.000000 -147.188691
0.000663 1.000000 -0.000004 9.437314 -1.000000 0.000663 -0.000149 -1.803502 -0.000149 0.000004 1.000000 -147.165877
0.000657 1.000000 -0.000004 8.608900 -1.000000 0.000657 0.000158 -1.803362 0.000158 0.000004 1.000000 -147.142293
0.000655 1.000000 -0.000005 7.786333 -1.000000 0.000655 0.000198 -1.803343 0.000198 0.000004 1.000000 -147.117902
0.000655 1.000000 -0.000005 6.954515 -1.000000 0.000655 -0.000095 -1.803478 -0.000095 0.000005 1.000000 -147.092697
0.000647 1.000000 -0.000004 6.112014 -1.000000 0.000647 -0.000260 -1.803554 -0.000260 0.000004 1.000000 -147.066670
0.000649 1.000000 -0.000005 5.274195 -1.000000 0.000649 -0.000030 -1.803448 -0.000030 0.000005 1.000000 -147.039817
0.000645 1.000000 -0.000004 4.447847 -1.000000 0.000645 0.000225 -1.803331 0.000225 0.000004 1.000000 -147.012130
0.000647 1.000000 -0.000005 3.621763 -1.000000 0.000647 0.000115 -1.803381 0.000115 0.000005 1.000000 -146.983617
0.000643 1.000000 -0.000005 2.783420 -1.000000 0.000643 -0.000195 -1.803524 -0.000195 0.000005 1.000000 -146.954258
0.000639 1.000000 -0.000004 1.939124 -1.000000 0.000639 -0.000213 -1.803532 -0.000213 0.000004 1.000000 -146.924015
0.000640 1.000000 -0.000005 1.103751 -1.000000 0.000640 0.000080 -1.803398 0.000080 0.000005 1.000000 -146.892929
0.000638 1.000000 -0.000005 0.277274 -1.000000 0.000638 0.000225 -1.803331 0.000225 0.000004 1.000000 -146.860992
0.000642 1.000000 -0.000005 -0.554628 -1.000000 0.000642 -0.000001 -1.803435 -0.000001 0.000005 1.000000 -146.828198
0.000637 1.000000 -0.000005 -1.398587 -1.000000 0.000637 -0.000245 -1.803547 -0.000245 0.000005 1.000000 -146.794496
0.000637 1.000000 -0.000004 -2.242432 -1.000000 0.000637 -0.000115 -1.803487 -0.000115 0.000004 1.000000 -146.759911
0.000635 1.000000 -0.000005 -3.075530 -1.000000 0.000635 0.000167 -1.803357 0.000167 0.000005 1.000000 -146.724451
0.000638 1.000000 -0.000005 -3.904643 -1.000000 0.000638 0.000164 -1.803359 0.000164 0.000005 1.000000 -146.688095
0.000637 1.000000 -0.000005 -4.743805 -1.000000 0.000637 -0.000125 -1.803492 -0.000125 0.000005 1.000000 -146.650838
0.000635 1.000000 -0.000004 -5.591441 -1.000000 0.000635 -0.000229 -1.803540 -0.000229 0.000005 1.000000 -146.612659
0.000636 1.000000 -0.000005 -6.433021 -1.000000 0.000636 0.000013 -1.803428 0.000013 0.000005 1.000000 -146.573581
0.000634 1.000000 -0.000005 -7.264865 -1.000000 0.000634 0.000210 -1.803338 0.000210 0.000005 1.000000 -146.533586
0.000638 1.000000 -0.000005 -8.099151 -1.000000 0.000638 0.000052 -1.803410 0.000052 0.000005 1.000000 -146.492681
0.000634 1.000000 -0.000005 -8.945249 -1.000000 0.000634 -0.000213 -1.803532 -0.000213 0.000005 1.000000 -146.450816
0.000634 1.000000 -0.000004 -9.793657 -1.000000 0.000634 -0.000147 -1.803502 -0.000147 0.000004 1.000000 -146.408032
0.000633 1.000000 -0.000005 -10.632425 -1.000000 0.000633 0.000128 -1.803375 0.000128 0.000005 1.000000 -146.364307
0.000636 1.000000 -0.000005 -11.465557 -1.000000 0.000636 0.000180 -1.803352 0.000180 0.000005 1.000000 -146.319652
0.000636 1.000000 -0.000005 -12.307034 -1.000000 0.000636 -0.000083 -1.803472 -0.000083 0.000005 1.000000 -146.274016
0.000633 1.000000 -0.000005 -13.158030 -1.000000 0.000633 -0.000229 -1.803539 -0.000229 0.000005 1.000000 -146.227439
0.000635 1.000000 -0.000005 -14.004759 -1.000000 0.000635 -0.000022 -1.803445 -0.000022 0.000005 1.000000 -146.179886
0.000633 1.000000 -0.000005 -14.841617 -1.000000 0.000633 0.000196 -1.803344 0.000196 0.000005 1.000000 -146.131398
0.000639 1.000000 -0.000005 -15.679184 -1.000000 0.000639 0.000080 -1.803397 0.000080 0.000005 1.000000 -146.081924
0.000635 1.000000 -0.000005 -16.528187 -1.000000 0.000635 -0.000191 -1.803522 -0.000191 0.000005 1.000000 -146.031475
0.000634 1.000000 -0.000004 -17.380906 -1.000000 0.000634 -0.000164 -1.803509 -0.000164 0.000005 1.000000 -145.980030
0.000633 1.000000 -0.000005 -18.224804 -1.000000 0.000633 0.000103 -1.803387 0.000103 0.000005 1.000000 -145.927615
0.000635 1.000000 -0.000005 -19.062226 -1.000000 0.000635 0.000186 -1.803349 0.000186 0.000005 1.000000 -145.874227
0.000637 1.000000 -0.000005 -19.906877 -1.000000 0.000637 -0.000057 -1.803460 -0.000057 0.000005 1.000000 -145.819830
0.000634 1.000000 -0.000005 -20.761532 -1.000000 0.000634 -0.000225 -1.803538 -0.000225 0.000005 1.000000 -145.764434
0.000636 1.000000 -0.000005 -21.613012 -1.000000 0.000636 -0.000043 -1.803454 -0.000043 0.000005 1.000000 -145.708021
0.000634 1.000000 -0.000005 -22.454704 -1.000000 0.000634 0.000184 -1.803350 0.000184 0.000005 1.000000 -145.650632
0.000638 1.000000 -0.000005 -23.296139 -1.000000 0.000638 0.000095 -1.803391 0.000095 0.000005 1.000000 -145.592217
0.000636 1.000000 -0.000005 -24.148640 -1.000000 0.000636 -0.000176 -1.803515 -0.000176 0.000005 1.000000 -145.532787
0.000635 1.000000 -0.000004 -25.005572 -1.000000 0.000635 -0.000170 -1.803513 -0.000170 0.000005 1.000000 -145.472324
0.000634 1.000000 -0.000005 -25.854264 -1.000000 0.000634 0.000088 -1.803394 0.000088 0.000005 1.000000 -145.410853
0.000635 1.000000 -0.000005 -26.696180 -1.000000 0.000635 0.000185 -1.803349 0.000185 0.000005 1.000000 -145.348371
0.000639 1.000000 -0.000012 -27.544405 -1.000000 0.000639 0.000111 -1.803649 0.000111 0.000012 1.000000 -145.284844
0.000634 1.000000 -0.000009 -28.402179 -1.000000 0.000634 0.000360 -1.804377 0.000360 0.000009 1.000000 -145.220269
0.000636 1.000000 -0.000008 -29.257403 -0.999999 0.000636 0.000970 -1.805062 0.000970 0.000007 1.000000 -145.154671
0.000635 1.000000 -0.000005 -30.103266 -0.999999 0.000635 0.001607 -1.805692 0.001607 0.000004 0.999999 -145.088049
0.000637 1.000000 -0.000004 -30.948904 -0.999998 0.000637 0.001648 -1.806762 0.001648 0.000003 0.999999 -145.020383
0.000636 1.000000 -0.000005 -31.805270 -0.999999 0.000636 0.001342 -1.808140 0.001342 0.000004 0.999999 -144.951640
0.000634 1.000000 -0.000005 -32.666227 -0.999999 0.000634 0.001293 -1.809408 0.001293 0.000004 0.999999 -144.881847
0.000634 1.000000 -0.000005 -33.519540 -0.999999 0.000634 0.001511 -1.810515 0.001511 0.000004 0.999999 -144.811017
0.000635 1.000000 -0.000006 -34.366337 -0.999999 0.000635 0.001597 -1.811650 0.001597 0.000005 0.999999 -144.739131
0.000641 1.000000 0.000003 -35.218735 -0.999999 0.000641 0.001604 -1.813190 0.001604 -0.000004 0.999999 -144.666217
0.000635 1.000000 -0.000001 -36.079438 -0.999997 0.000635 0.002257 -1.815665 0.002257 -0.000001 0.999997 -144.592196
0.000634 1.000000 -0.000005 -36.937985 -0.999994 0.000634 0.003294 -1.818285 0.003294 0.000003 0.999995 -144.517111
0.000632 1.000000 -0.000007 -37.788246 -0.999990 0.000632 0.004333 -1.820825 0.004333 0.000005 0.999991 -144.440976
0.000636 1.000000 -0.000001 -38.638707 -0.999989 0.000636 0.004607 -1.823962 0.004607 -0.000002 0.999989 -144.363786
0.000635 1.000000 -0.000004 -39.498955 -0.999991 0.000635 0.004300 -1.827737 0.004300 0.000002 0.999991 -144.285511
0.000634 1.000000 -0.000006 -40.363238 -0.999991 0.000634 0.004200 -1.831454 0.004200 0.000003 0.999991 -144.206148
0.000633 1.000000 -0.000007 -41.221025 -0.999990 0.000633 0.004353 -1.834973 0.004353 0.000004 0.999991 -144.125724
0.000633 1.000000 -0.000007 -42.073534 -0.999990 0.000633 0.004407 -1.838466 0.004407 0.000005 0.999990 -144.044223
0.000637 1.000000 -0.000022 -42.931008 -0.999990 0.000637 0.004363 -1.842232 0.004363 0.000019 0.999990 -143.961644
0.000634 1.000000 -0.000018 -43.794866 -0.999987 0.000634 0.005013 -1.846954 0.005013 0.000015 0.999987 -143.877968
0.000635 1.000000 -0.000015 -44.656771 -0.999982 0.000635 0.006025 -1.851912 0.006025 0.000011 0.999982 -143.793240
0.000634 1.000000 -0.000013 -45.512383 -0.999975 0.000634 0.007024 -1.856808 0.007024 0.000009 0.999975 -143.707413
0.000636 1.000000 -0.000017 -46.368782 -0.999972 0.000636 0.007408 -1.862154 0.007408 0.000012 0.999973 -143.620501
0.000636 1.000000 -0.000014 -47.232926 -0.999974 0.000636 0.007179 -1.868216 0.007179 0.000009 0.999974 -143.532502
0.000634 1.000000 -0.000012 -48.099675 -0.999975 0.000634 0.007088 -1.874275 0.007088 0.000007 0.999975 -143.443415
0.000634 1.000000 -0.000011 -48.961684 -0.999974 0.000634 0.007177 -1.880165 0.007177 0.000006 0.999974 -143.353239
0.000636 1.000000 -0.000010 -49.820687 -0.999974 0.000636 0.007189 -1.886016 0.007189 0.000006 0.999974 -143.261973
0.000640 1.000000 -0.000022 -50.683753 -0.999974 0.000640 0.007129 -1.892023 0.007129 0.000018 0.999975 -143.169601
0.000634 1.000000 -0.000022 -51.550314 -0.999969 0.000634 0.007786 -1.898951 0.007786 0.000017 0.999970 -143.076152
0.000633 1.000000 -0.000017 -52.415051 -0.999961 0.000634 0.008764 -1.906235 0.008764 0.000012 0.999962 -142.981596
0.000633 1.000000 -0.000015 -53.276353 -0.999953 0.000633 0.009701 -1.913504 0.009701 0.000009 0.999953 -142.885978
0.000632 1.000000 -0.000007 -54.139189 -0.999948 0.000632 0.010193 -1.921079 0.010193 0.000001 0.999948 -142.789281
0.000633 1.000000 -0.000009 -55.007138 -0.999949 0.000633 0.010065 -1.929407 0.010065 0.000003 0.999949 -142.691445
0.000634 1.000000 -0.000011 -55.876167 -0.999950 0.000634 0.009981 -1.937795 0.009981 0.000004 0.999950 -142.592531
0.000634 1.000000 -0.000011 -56.742581 -0.999950 0.000634 0.009998 -1.946059 0.009998 0.000005 0.999950 -142.492522
0.000636 1.000000 -0.000012 -57.608135 -0.999950 0.000636 0.009972 -1.954279 0.009972 0.000005 0.999950 -142.391420
0.000637 1.000000 -0.000009 -58.476493 -0.999951 0.000637 0.009903 -1.962534 0.009903 0.000003 0.999951 -142.289224
0.000635 1.000000 -0.000009 -59.346516 -0.999948 0.000635 0.010207 -1.971198 0.010207 0.000002 0.999948 -142.185935
0.000633 1.000000 -0.000011 -60.215319 -0.999943 0.000633 0.010703 -1.980077 0.010703 0.000004 0.999943 -142.081552
0.000634 1.000000 -0.000012 -61.082852 -0.999937 0.000634 0.011166 -1.988970 0.011166 0.000005 0.999938 -141.976062
0.000633 1.000000 -0.000010 -61.951862 -0.999934 0.000633 0.011446 -1.997973 0.011446 0.000002 0.999934 -141.869511
0.000633 1.000000 -0.000011 -62.823623 -0.999935 0.000633 0.011406 -2.007371 0.011406 0.000004 0.999935 -141.761853
0.000633 1.000000 -0.000012 -63.695738 -0.999935 0.000633 0.011374 -2.016818 0.011374 0.000005 0.999935 -141.653089
0.000633 1.000000 -0.000013 -64.566738 -0.999935 0.000633 0.011376 -2.026210 0.011376 0.000005 0.999935 -141.543252
0.000634 1.000000 -0.000013 -65.437970 -0.999935 0.000634 0.011350 -2.035586 0.011350 0.000006 0.999936 -141.432326
0.000633 1.000000 -0.000013 -66.311023 -0.999936 0.000633 0.011308 -2.044968 0.011308 0.000006 0.999936 -141.320298
0.000631 1.000000 -0.000013 -67.185107 -0.999936 0.000631 0.011302 -2.054330 0.011302 0.000006 0.999936 -141.207200
0.000632 1.000000 -0.000013 -68.058716 -0.999936 0.000632 0.011332 -2.063662 0.011332 0.000006 0.999936 -141.093018
0.000632 1.000000 -0.000013 -68.932053 -0.999935 0.000632 0.011341 -2.072994 0.011341 0.000006 0.999936 -140.977769
0.000632 1.000000 -0.000013 -69.806576 -0.999936 0.000632 0.011318 -2.082350 0.011318 0.000006 0.999936 -140.861408
0.000633 1.000000 -0.000013 -70.682413 -0.999936 0.000633 0.011303 -2.091711 0.011303 0.000006 0.999936 -140.743999
0.000634 1.000000 -0.000013 -71.558381 -0.999936 0.000634 0.011319 -2.101053 0.011319 0.000006 0.999936 -140.625497
0.000635 1.000000 -0.000013 -72.434036 -0.999936 0.000635 0.011337 -2.110386 0.011337 0.000006 0.999936 -140.505921
0.000634 1.000000 -0.000013 -73.310285 -0.999936 0.000634 0.011327 -2.119733 0.011327 0.000006 0.999936 -140.385257
0.000633 1.000000 -0.000013 -74.187761 -0.999936 0.000633 0.011309 -2.129091 0.011309 0.000006 0.999936 -140.263538
0.000632 1.000000 -0.000013 -75.065844 -0.999936 0.000632 0.011313 -2.138441 0.011313 0.000006 0.999936 -140.140752
0.000633 1.000000 -0.000013 -75.943801 -0.999936 0.000633 0.011329 -2.147779 0.011329 0.000006 0.999936 -140.016900
0.000632 1.000000 -0.000013 -76.821996 -0.999936 0.000632 0.011330 -2.157120 0.011330 0.000006 0.999936 -139.891986
0.000632 1.000000 -0.000013 -77.701138 -0.999936 0.000632 0.011317 -2.166473 0.011317 0.000006 0.999936 -139.766012
0.000632 1.000000 -0.000013 -78.581119 -0.999936 0.000632 0.011312 -2.175826 0.011312 0.000006 0.999936 -139.638981
0.000632 1.000000 -0.000013 -79.461288 -0.999936 0.000632 0.011323 -2.185169 0.011323 0.000006 0.999936 -139.510897
0.000633 1.000000 -0.000013 -80.341553 -0.999936 0.000634 0.011330 -2.194509 0.011330 0.000006 0.999936 -139.381763
0.000633 1.000000 -0.000013 -81.222462 -0.999936 0.000633 0.011322 -2.203858 0.011322 0.000006 0.999936 -139.251582
0.000632 1.000000 -0.000013 -82.104218 -0.999936 0.000632 0.011314 -2.213211 0.011314 0.000006 0.999936 -139.120343
0.000632 1.000000 -0.000013 -82.986408 -0.999936 0.000632 0.011319 -2.222557 0.011319 0.000006 0.999936 -138.988094
0.000632 1.000000 -0.000013 -83.868756 -0.999936 0.000632 0.011327 -2.231898 0.011327 0.000006 0.999936 -138.854794
0.000632 1.000000 -0.000013 -84.751519 -0.999936 0.000632 0.011325 -2.241244 0.011325 0.000006 0.999936 -138.720463
0.000633 1.000000 -0.000013 -85.635039 -0.999936 0.000633 0.011317 -2.250594 0.011317 0.000006 0.999936 -138.585087
0.000632 1.000000 -0.000013 -86.519153 -0.999936 0.000632 0.011317 -2.259944 0.011317 0.000006 0.999936 -138.448704
0.000632 1.000000 -0.000013 -87.403525 -0.999936 0.000632 0.011323 -2.269287 0.011323 0.000006 0.999936 -138.311300
0.000632 1.000000 -0.000013 -88.288197 -0.999936 0.000632 0.011325 -2.278631 0.011325 0.000006 0.999936 -138.172897
0.000633 1.000000 -0.000013 -89.173488 -0.999936 0.000633 0.011320 -2.287980 0.011320 0.000006 0.999936 -138.033453
0.003567 0.999994 -0.000342 -90.059266 -0.999930 0.003571 0.011319 -2.297327 0.011320 0.000301 0.999936 -137.887921
0.004153 0.999991 -0.000103 -90.945537 -0.999927 0.004154 0.011320 -2.306673 0.011320 0.000056 0.999936 -137.743739
0.007608 0.999971 -0.000836 -91.831902 -0.999907 0.007617 0.011326 -2.316010 0.011332 0.000750 0.999936 -137.592716
0.013655 0.999907 -0.000645 -92.718167 -0.999843 0.013662 0.011321 -2.325348 0.011329 0.000490 0.999936 -137.434293
0.018335 0.999831 -0.001166 -93.605619 -0.999768 0.018347 0.011296 -2.334699 0.011315 0.000959 0.999936 -137.272473
0.027711 0.999615 -0.001246 -94.492906 -0.999552 0.027724 0.011283 -2.344036 0.011313 0.000933 0.999936 -137.097970
0.031418 0.999506 -0.000915 -95.381414 -0.999443 0.031427 0.011268 -2.353373 0.011292 0.000560 0.999936 -136.925070
0.043936 0.999032 -0.002176 -96.267882 -0.998969 0.043958 0.011362 -2.362795 0.011446 0.001675 0.999933 -136.732218
0.051702 0.998662 -0.001346 -97.155275 -0.998596 0.051714 0.011465 -2.372378 0.011519 0.000751 0.999933 -136.538663
0.059840 0.998206 -0.001979 -98.043278 -0.998138 0.059859 0.011723 -2.382139 0.011820 0.001274 0.999929 -136.335696
0.073965 0.997259 -0.002130 -98.930035 -0.997190 0.073985 0.011765 -2.391436 0.011891 0.001254 0.999929 -136.115434
0.084931 0.996384 -0.002367 -99.816800 -0.996316 0.084953 0.011725 -2.401604 0.011883 0.001362 0.999928 -135.888918
0.101354 0.994847 -0.002557 -100.701505 -0.994779 0.101377 0.011736 -2.411042 0.011935 0.001354 0.999928 -135.643044
0.111053 0.993813 -0.001958 -101.588242 -0.993745 0.111069 0.011619 -2.421115 0.011765 0.000656 0.999931 -135.394818
0.128203 0.991743 -0.003226 -102.470853 -0.991675 0.128232 0.011671 -2.430828 0.011989 0.001702 0.999927 -135.123846
0.141526 0.989932 -0.002451 -103.353598 -0.989864 0.141545 0.011601 -2.440462 0.011831 0.000785 0.999930 -134.846430
0.153298 0.988176 -0.002978 -104.235467 -0.988108 0.153322 0.011588 -2.450578 0.011908 0.001166 0.999928 -134.558381
0.171484 0.985181 -0.003273 -105.113505 -0.985115 0.171511 0.011548 -2.459997 0.011939 0.001244 0.999928 -134.249086
0.185955 0.982552 -0.003523 -105.991149 -0.982487 0.185983 0.011367 -2.470108 0.011824 0.001347 0.999929 -133.931033
0.205723 0.978603 -0.003815 -106.863719 -0.978537 0.205753 0.011446 -2.479727 0.011985 0.001378 0.999927 -133.591169
0.218018 0.975940 -0.003119 -107.737957 -0.975873 0.218040 0.011393 -2.489543 0.011799 0.000560 0.999930 -133.247308
0.237000 0.971499 -0.004474 -108.604909 -0.971436 0.237036 0.011247 -2.499534 0.011986 0.001680 0.999927 -132.879864
0.252386 0.967619 -0.003737 -109.470774 -0.967553 0.252413 0.011349 -2.509008 0.011925 0.000751 0.999929 -132.503983
0.265479 0.964107 -0.004233 -110.335038 -0.964044 0.265511 0.011117 -2.519190 0.011841 0.001129 0.999929 -132.116818
0.284989 0.958520 -0.004640 -111.192044 -0.958456 0.285024 0.011130 -2.528710 0.011991 0.001276 0.999927 -131.707498
0.300501 0.953770 -0.004771 -112.047808 -0.953708 0.300536 0.010890 -2.538606 0.011821 0.001278 0.999929 -131.288787
0.321077 0.947039 -0.005206 -112.895230 -0.946977 0.321116 0.010896 -2.548532 0.011991 0.001431 0.999927 -130.847754
0.334044 0.942547 -0.004444 -113.743890 -0.942482 0.334073 0.011032 -2.558089 0.011883 0.000503 0.999929 -130.402260
0.353222 0.935522 -0.005787 -114.582400 -0.935464 0.353266 0.010551 -2.568241 0.011916 0.001687 0.999928 -129.933514
0.368927 0.929444 -0.005156 -115.418157 -0.929381 0.368962 0.010843 -2.577736 0.011980 0.000791 0.999928 -129.455945
