-0.999743 -0.022610 -0.001330 132.784409 0.022610 -0.999744 0.000030 -1.803884 -0.001330 0.000000 0.999999 -102.308601
-0.999743 -0.022610 -0.001410 132.793262 0.022610 -0.999744 0.000032 -1.803921 -0.001411 0.000000 0.999999 -102.693536
-0.999743 -0.022612 -0.001480 132.803237 0.022612 -0.999744 0.000034 -1.803953 -0.001481 0.000000 0.999999 -103.114039
-0.999743 -0.022612 -0.001496 132.814303 0.022612 -0.999744 0.000034 -1.803961 -0.001497 0.000000 0.999999 -103.569219
-0.999743 -0.022614 -0.001473 132.826397 0.022614 -0.999744 0.000034 -1.803950 -0.001473 0.000000 0.999999 -104.057604
-0.999743 -0.022618 -0.001301 132.839460 0.022618 -0.999744 0.000030 -1.804159 -0.001302 0.000000 0.999999 -104.574515
-0.999744 -0.022618 -0.000681 132.852819 0.022618 -0.999744 0.000015 -1.803882 -0.000681 -0.000000 1.000000 -105.091212
-0.999745 -0.022588 -0.000463 132.866626 0.022588 -0.999745 0.000011 -1.803728 -0.000463 0.000000 1.000000 -105.614454
-0.999742 -0.022686 -0.000684 132.881247 0.022686 -0.999743 0.000007 -1.803784 -0.000684 -0.000009 1.000000 -106.158073
-0.999742 -0.022676 -0.000880 132.896682 0.022676 -0.999743 0.000020 -1.803850 -0.000880 0.000000 1.000000 -106.726921
-0.999742 -0.022683 -0.001094 132.912838 0.022683 -0.999743 0.000043 -1.803939 -0.001095 0.000018 0.999999 -107.323947
-0.999750 -0.022340 -0.000952 132.930156 0.022340 -0.999750 0.000019 -1.803871 -0.000952 -0.000002 1.000000 -107.941836
-0.999753 -0.022174 -0.001147 132.948347 0.022174 -0.999754 0.000019 -1.803959 -0.001147 -0.000006 0.999999 -108.578038
-0.999746 -0.022407 -0.002232 132.968537 0.022407 -0.999749 0.000048 -1.804456 -0.002232 -0.000002 0.999998 -109.299163
-0.999743 -0.022569 -0.002329 132.989995 0.022569 -0.999745 0.000053 -1.804501 -0.002329 0.000001 0.999997 -110.070946
-0.999745 -0.022495 -0.001993 133.012520 0.022495 -0.999747 0.000057 -1.804348 -0.001994 0.000012 0.999998 -110.879005
-0.999745 -0.022545 -0.001585 133.036095 0.022545 -0.999746 0.000035 -1.804162 -0.001586 -0.000001 0.999999 -111.715434
-0.999745 -0.022548 -0.000909 133.060095 0.022548 -0.999746 0.000022 -1.803852 -0.000909 0.000002 1.000000 -112.560990
-0.999746 -0.022555 -0.000087 133.084059 0.022555 -0.999746 0.000002 -1.803475 -0.000087 0.000000 1.000000 -113.391630
-0.999745 -0.022561 0.000351 133.107956 0.022561 -0.999745 -0.000008 -1.803273 0.000351 0.000000 1.000000 -114.205712
-0.999745 -0.022564 0.000223 133.132105 0.022564 -0.999745 -0.000005 -1.803332 0.000224 0.000000 1.000000 -115.018479
-0.999818 -0.019075 -0.000161 133.150889 0.019075 -0.999818 0.000689 -1.803514 -0.000174 0.000686 1.000000 -115.844514
-0.999890 -0.014840 -0.000455 133.167266 0.014840 -0.999890 0.000185 -1.803645 -0.000458 0.000178 1.000000 -116.687569
-0.999941 -0.010820 -0.000152 133.180579 0.010820 -0.999941 0.000736 -1.803507 -0.000160 0.000735 1.000000 -117.528096
-1.000000 0.000064 0.000248 133.179518 -0.000063 -1.000000 0.000825 -1.803319 0.000248 0.000825 1.000000 -118.352573
-0.999985 0.005510 0.000294 133.180318 -0.005510 -0.999985 0.000362 -1.803298 0.000296 0.000360 1.000000 -119.169327
-0.999692 0.024799 -0.000020 133.152245 -0.024799 -0.999689 0.002523 -1.803410 0.000043 0.002522 0.999997 -119.991113
-0.998587 0.053139 -0.000407 133.096532 -0.053140 -0.998584 0.002299 -1.803560 -0.000284 0.002317 0.999997 -120.825131
-0.997469 0.071107 -0.000364 133.036952 -0.071108 -0.997468 0.001226 -1.803559 -0.000276 0.001249 0.999999 -121.666279
-0.996523 0.083315 0.000018 132.971396 -0.083315 -0.996523 0.000789 -1.803395 0.000083 0.000785 1.000000 -122.497017
-0.995458 0.095199 0.000253 132.896428 -0.095198 -0.995457 0.001312 -1.803260 0.000377 0.001282 0.999999 -123.311480
-0.991262 0.131904 -0.000155 132.770939 -0.131904 -0.991255 0.003854 -1.803259 0.000355 0.003841 0.999993 -124.112031
-0.986225 0.165406 -0.000507 132.625108 -0.165406 -0.986222 0.002512 -1.803467 -0.000085 0.002562 0.999997 -124.922050
-0.982336 0.187124 -0.000700 132.468118 -0.187124 -0.982335 0.001390 -1.803628 -0.000427 0.001497 0.999999 -125.749423
-0.978540 0.206055 -0.000558 132.296351 -0.206056 -0.978539 0.001695 -1.803522 -0.000197 0.001773 0.999998 -126.573951
-0.971453 0.237233 -0.000412 132.091523 -0.237233 -0.971449 0.002714 -1.803316 0.000244 0.002734 0.999996 -127.373566
-0.965748 0.259483 -0.000114 131.881159 -0.259482 -0.965746 0.001618 -1.803289 0.000310 0.001592 0.999999 -128.163637
-0.957507 0.288410 -0.000820 131.638080 -0.288411 -0.957502 0.002994 -1.803391 0.000078 0.003104 0.999995 -128.949090
-0.947595 0.319472 -0.001039 131.365595 -0.319473 -0.947593 0.002268 -1.803548 -0.000260 0.002481 0.999997 -129.739433
-0.934376 0.356285 -0.001557 131.058206 -0.356288 -0.934369 0.003783 -1.803470 -0.000107 0.004089 0.999992 -130.518786
-0.912834 0.408328 -0.001680 130.703597 -0.408332 -0.912823 0.004425 -1.803289 0.000273 0.004725 0.999989 -131.259999
-0.896082 0.443887 -0.001011 130.337134 -0.443888 -0.896079 0.002553 -1.803322 0.000227 0.002737 0.999996 -131.994410
-0.884046 0.467400 -0.000861 129.953749 -0.467401 -0.884044 0.001516 -1.803456 -0.000053 0.001742 0.999998 -132.731031
-0.873399 0.487003 -0.001107 129.551653 -0.487005 -0.873398 0.001667 -1.803503 -0.000156 0.001995 0.999998 -133.465571
-0.854709 0.519105 -0.001588 129.116346 -0.519107 -0.854704 0.002819 -1.803377 0.000106 0.003234 0.999995 -134.169720
-0.837998 0.545672 -0.001280 128.671476 -0.545674 -0.837994 0.002456 -1.803305 0.000267 0.002757 0.999996 -134.857266
-0.808188 0.588918 -0.002773 128.179320 -0.588924 -0.808177 0.004281 -1.803284 0.000280 0.005093 0.999987 -135.503899
-0.778877 0.627172 -0.002345 127.655309 -0.627176 -0.778872 0.002747 -1.803469 -0.000103 0.003610 0.999993 -136.141747
-0.758641 0.651507 -0.001612 127.113110 -0.651509 -0.758640 0.001425 -1.803565 -0.000295 0.002131 0.999998 -136.782921
-0.744270 0.667878 -0.000884 126.566850 -0.667879 -0.744269 0.001039 -1.803416 0.000036 0.001364 0.999999 -137.410281
-0.724511 0.689261 -0.001699 126.009489 -0.689263 -0.724507 0.002410 -1.803230 0.000431 0.002917 0.999996 -138.001329
-0.702871 0.711316 -0.001398 125.439240 -0.711317 -0.702869 0.001868 -1.803270 0.000346 0.002308 0.999997 -138.570663
-0.685648 0.727931 -0.001610 124.851795 -0.727933 -0.685647 0.001457 -1.803450 -0.000043 0.002171 0.999998 -139.138083
-0.649811 0.760086 -0.003756 124.217686 -0.760096 -0.649804 0.002943 -1.803509 -0.000203 0.004767 0.999989 -139.664979
-0.615627 0.788033 -0.002692 123.563595 -0.788038 -0.615624 0.001868 -1.803509 -0.000185 0.003271 0.999995 -140.174447
-0.593046 0.805167 -0.001463 122.908370 -0.805168 -0.593045 0.001190 -1.803389 0.000090 0.001884 0.999998 -140.672112
-0.574114 0.818774 -0.001481 122.253130 -0.818775 -0.574113 0.001452 -1.803275 0.000339 0.002046 0.999998 -141.147470
-0.536254 0.844049 -0.003507 121.573638 -0.844057 -0.536248 0.002645 -1.803257 0.000352 0.004378 0.999990 -141.569661
-0.503106 0.864221 -0.002504 120.872744 -0.864225 -0.503104 0.001364 -1.803464 -0.000081 0.002850 0.999996 -141.980763
-0.481012 0.876712 -0.001692 120.150535 -0.876714 -0.481012 0.000457 -1.803621 -0.000413 0.001703 0.999998 -142.392153
-0.465488 0.885053 -0.001034 119.425918 -0.885054 -0.465488 0.000384 -1.803498 -0.000141 0.001094 0.999999 -142.793724
-0.442422 0.896804 -0.002243 118.704972 -0.896807 -0.442420 0.001495 -1.803269 0.000348 0.002673 0.999996 -143.159223
-0.417195 0.908816 -0.001711 117.986660 -0.908817 -0.417193 0.001284 -1.803222 0.000453 0.002091 0.999998 -143.499052
-0.384736 0.923020 -0.003437 117.253674 -0.923026 -0.384733 0.001704 -1.803307 0.000251 0.003828 0.999993 -143.806947
-0.338793 0.940853 -0.003850 116.493940 -0.940861 -0.338791 0.001249 -1.803479 -0.000129 0.004045 0.999992 -144.071778
-0.307483 0.951551 -0.002327 115.711619 -0.951553 -0.307484 0.000270 -1.803640 -0.000458 0.002297 0.999997 -144.334066
-0.285931 0.958249 -0.001416 114.927404 -0.958250 -0.285931 0.000245 -1.803511 -0.000170 0.001427 0.999999 -144.584755
-0.267629 0.963521 -0.001580 114.155817 -0.963522 -0.267628 0.000746 -1.803296 0.000296 0.001722 0.999998 -144.816073
-0.239732 0.970837 -0.002201 113.391137 -0.970839 -0.239730 0.001029 -1.803213 0.000471 0.002383 0.999997 -145.011470
-0.220158 0.975463 -0.001314 112.620665 -0.975464 -0.220158 0.000452 -1.803362 0.000152 0.001381 0.999999 -145.201550
-0.195467 0.980707 -0.002375 111.831113 -0.980710 -0.195467 0.000230 -1.803540 -0.000239 0.002374 0.999997 -145.368024
-0.174289 0.984693 -0.001572 111.024375 -0.984694 -0.174290 -0.000181 -1.803640 -0.000452 0.001517 0.999999 -145.524986
-0.156938 0.987607 -0.001666 110.221304 -0.987609 -0.156937 0.000176 -1.803472 -0.000087 0.001673 0.999999 -145.669590
-0.136090 0.990695 -0.001454 109.432355 -0.990696 -0.136090 0.000506 -1.803293 0.000304 0.001509 0.999999 -145.790887
-0.123785 0.992309 -0.000762 108.648337 -0.992309 -0.123784 0.000367 -1.803310 0.000270 0.000802 1.000000 -145.909439
-0.105576 0.994410 -0.001656 107.853352 -0.994411 -0.105576 0.000115 -1.803460 -0.000060 0.001659 0.999999 -146.006867
-0.094431 0.995531 -0.000717 107.042435 -0.995531 -0.094431 -0.000309 -1.803606 -0.000375 0.000684 1.000000 -146.104738
-0.078786 0.996891 -0.001382 106.232633 -0.996892 -0.078786 -0.000025 -1.803494 -0.000134 0.001375 0.999999 -146.183988
-0.070586 0.997506 -0.000415 105.436505 -0.997506 -0.070586 0.000239 -1.803338 0.000209 0.000431 1.000000 -146.263468
-0.065650 0.997843 -0.000280 104.647980 -0.997843 -0.065650 0.000281 -1.803314 0.000262 0.000297 1.000000 -146.339234
-0.054825 0.998496 -0.000963 103.851847 -0.998496 -0.054825 0.000026 -1.803446 -0.000027 0.000963 1.000000 -146.400397
-0.050295 0.998734 -0.000238 103.041021 -0.998734 -0.050296 -0.000327 -1.803589 -0.000338 0.000221 1.000000 -146.465780
-0.041223 0.999150 -0.000796 102.229853 -0.999150 -0.041223 -0.000139 -1.803513 -0.000172 0.000789 1.000000 -146.518284
-0.037188 0.999308 -0.000188 101.431102 -0.999308 -0.037188 0.000171 -1.803359 0.000163 0.000194 1.000000 -146.572718
-0.034762 0.999396 -0.000134 100.641443 -0.999396 -0.034762 0.000269 -1.803312 0.000265 0.000144 1.000000 -146.624968
-0.028986 0.999580 -0.000477 99.845817 -0.999580 -0.028986 0.000011 -1.803435 -0.000003 0.000477 1.000000 -146.669197
-0.026878 0.999639 -0.000107 99.035886 -0.999639 -0.026878 -0.000312 -1.803579 -0.000315 0.000098 1.000000 -146.716215
-0.023699 0.999719 -0.000431 98.223905 -0.999719 -0.023699 -0.000195 -1.803529 -0.000205 0.000427 1.000000 -146.759011
-0.020586 0.999788 -0.000143 97.423631 -0.999788 -0.020586 0.000138 -1.803372 0.000135 0.000146 1.000000 -146.799467
-0.019615 0.999808 -0.000042 96.634013 -0.999808 -0.019615 0.000283 -1.803305 0.000282 0.000047 1.000000 -146.840490
-0.016308 0.999867 -0.000268 95.840059 -0.999867 -0.016308 0.000043 -1.803416 0.000039 0.000269 1.000000 -146.876318
-0.015257 0.999884 -0.000048 95.032220 -0.999884 -0.015257 -0.000284 -1.803565 -0.000285 0.000043 1.000000 -146.914099
-0.013461 0.999909 -0.000253 94.219377 -0.999909 -0.013462 -0.000254 -1.803552 -0.000257 0.000250 1.000000 -146.949322
-0.011696 0.999932 -0.000079 93.416714 -0.999932 -0.011696 0.000081 -1.803397 0.000080 0.000080 1.000000 -146.983261
-0.011185 0.999937 -0.000021 92.626871 -0.999937 -0.011185 0.000301 -1.803296 0.000301 0.000024 1.000000 -147.017524
-0.009265 0.999957 -0.000156 91.835591 -0.999957 -0.009265 0.000112 -1.803383 0.000111 0.000157 1.000000 -147.048653
-0.008667 0.999962 -0.000026 91.031109 -0.999962 -0.008667 -0.000237 -1.803544 -0.000238 0.000024 1.000000 -147.080881
-0.007263 0.999974 -0.000219 90.216990 -0.999974 -0.007263 -0.000332 -1.803587 -0.000333 0.000217 1.000000 -147.110980
-0.005810 0.999983 -0.000064 89.409988 -0.999983 -0.005810 -0.000019 -1.803443 -0.000019 0.000064 1.000000 -147.140024
-0.005463 0.999985 -0.000013 88.617110 -0.999985 -0.005463 0.000279 -1.803306 0.000279 0.000015 1.000000 -147.169468
-0.005135 0.999987 -0.000018 87.826910 -0.999987 -0.005135 0.000187 -1.803348 0.000187 0.000019 1.000000 -147.198342
-0.004928 0.999988 -0.000013 87.025153 -0.999988 -0.004928 -0.000164 -1.803510 -0.000164 0.000012 1.000000 -147.227048
-0.004051 0.999992 -0.000075 86.210102 -0.999992 -0.004051 -0.000372 -1.803605 -0.000372 0.000073 1.000000 -147.254402
-0.003814 0.999993 -0.000008 85.399654 -0.999993 -0.003814 -0.000091 -1.803476 -0.000091 0.000008 1.000000 -147.282149
-0.003357 0.999994 -0.000067 84.603455 -0.999994 -0.003357 0.000247 -1.803321 0.000247 0.000068 1.000000 -147.309029
-0.002888 0.999996 -0.000020 83.813318 -0.999996 -0.002888 0.000244 -1.803322 0.000244 0.000021 1.000000 -147.335428
-0.002760 0.999996 -0.000006 83.013581 -0.999996 -0.002760 -0.000095 -1.803478 -0.000095 0.000006 1.000000 -147.361886
-0.002203 0.999998 -0.000046 82.198035 -0.999997 -0.002203 -0.000390 -1.803614 -0.000390 0.000045 1.000000 -147.387327
-0.002043 0.999998 -0.000006 81.384547 -0.999998 -0.002043 -0.000151 -1.803504 -0.000151 0.000006 1.000000 -147.412898
-0.001633 0.999999 -0.000033 80.585723 -0.999999 -0.001633 0.000226 -1.803331 0.000226 0.000033 1.000000 -147.437630
-0.001489 0.999999 -0.000005 79.796534 -0.999999 -0.001489 0.000313 -1.803290 0.000313 0.000006 1.000000 -147.462337
-0.001263 0.999999 -0.000032 79.000922 -0.999999 -0.001263 0.000011 -1.803429 0.000010 0.000032 1.000000 -147.486580
-0.001043 0.999999 -0.000010 78.190387 -0.999999 -0.001043 -0.000321 -1.803582 -0.000321 0.000010 1.000000 -147.510474
-0.000976 1.000000 -0.000004 77.375817 -0.999999 -0.000976 -0.000253 -1.803550 -0.000253 0.000003 1.000000 -147.534236
-0.000733 1.000000 -0.000020 76.571975 -1.000000 -0.000733 0.000097 -1.803390 0.000097 0.000020 1.000000 -147.557368
-0.000654 1.000000 -0.000003 75.780373 -1.000000 -0.000654 0.000301 -1.803296 0.000301 0.000003 1.000000 -147.580409
-0.000523 1.000000 -0.000019 74.986408 -1.000000 -0.000523 0.000093 -1.803391 0.000093 0.000019 1.000000 -147.603030
-0.000395 1.000000 -0.000006 74.178864 -1.000000 -0.000395 -0.000250 -1.803549 -0.000250 0.000006 1.000000 -147.625311
-0.000356 1.000000 -0.000002 73.362512 -1.000000 -0.000356 -0.000320 -1.803581 -0.000320 0.000002 1.000000 -147.647395
-0.000210 1.000000 -0.000012 72.553638 -1.000000 -0.000210 -0.000002 -1.803435 -0.000002 0.000012 1.000000 -147.668935
-0.000165 1.000000 -0.000002 71.758813 -1.000000 -0.000165 0.000290 -1.803301 0.000290 0.000002 1.000000 -147.690289
-0.000087 1.000000 -0.000011 70.965922 -1.000000 -0.000087 0.000180 -1.803351 0.000180 0.000011 1.000000 -147.711232
-0.000012 1.000000 -0.000003 70.160910 -1.000000 -0.000012 -0.000177 -1.803516 -0.000177 0.000003 1.000000 -147.731845
0.000012 1.000000 -0.000001 69.342474 -1.000000 0.000012 -0.000379 -1.803609 -0.000379 0.000001 1.000000 -147.752179
0.000099 1.000000 -0.000007 68.528725 -1.000000 0.000099 -0.000089 -1.803475 -0.000089 0.000007 1.000000 -147.772025
0.000125 1.000000 -0.000001 67.729240 -1.000000 0.000125 0.000251 -1.803319 0.000251 0.000001 1.000000 -147.791602
0.000172 1.000000 -0.000006 66.935510 -1.000000 0.000172 0.000244 -1.803322 0.000244 0.000006 1.000000 -147.810763
0.000216 1.000000 -0.000002 66.131889 -1.000000 0.000216 -0.000099 -1.803480 -0.000099 0.000002 1.000000 -147.829542
0.000250 1.000000 -0.000005 65.312237 -1.000000 0.000250 -0.000394 -1.803615 -0.000394 0.000005 1.000000 -147.847944
0.000285 1.000000 -0.000002 64.494562 -1.000000 0.000285 -0.000151 -1.803504 -0.000151 0.000002 1.000000 -147.865913
0.000295 1.000000 -0.000001 63.691519 -1.000000 0.000295 0.000228 -1.803329 0.000228 0.000000 1.000000 -147.883515
0.000330 1.000000 -0.000003 62.898001 -1.000000 0.000330 0.000315 -1.803289 0.000315 0.000003 1.000000 -147.900694
0.000343 1.000000 -0.000000 62.097891 -1.000000 0.000343 0.000012 -1.803429 0.000012 0.000000 1.000000 -147.917484
0.000363 1.000000 -0.000003 61.282701 -1.000000 0.000363 -0.000321 -1.803582 -0.000321 0.000003 1.000000 -147.933815
0.000383 1.000000 -0.000001 60.463176 -1.000000 0.000383 -0.000256 -1.803552 -0.000256 0.000001 1.000000 -147.949721
0.000389 1.000000 -0.000001 59.654169 -1.000000 0.000389 0.000094 -1.803391 0.000094 0.000001 1.000000 -147.965222
0.000412 1.000000 -0.000002 58.857340 -1.000000 0.000412 0.000302 -1.803295 0.000302 0.000002 1.000000 -147.980201
0.000418 1.000000 -0.000000 58.058134 -1.000000 0.000418 0.000097 -1.803390 0.000097 0.000000 1.000000 -147.994754
0.000430 1.000000 -0.000001 57.245191 -1.000000 0.000430 -0.000248 -1.803548 -0.000248 0.000001 1.000000 -148.008780
0.000439 1.000000 -0.000000 56.423079 -1.000000 0.000439 -0.000323 -1.803583 -0.000323 0.000000 1.000000 -148.022343
0.000441 1.000000 -0.000000 55.608161 -1.000000 0.000441 -0.000006 -1.803437 -0.000006 0.000000 1.000000 -148.035417
0.000451 1.000000 -0.000001 54.807123 -1.000000 0.000451 0.000288 -1.803302 0.000288 0.000001 1.000000 -148.047978
0.000453 1.000000 -0.000000 54.007984 -1.000000 0.000453 0.000182 -1.803351 0.000182 -0.000000 1.000000 -148.060044
0.000459 1.000000 -0.000001 53.196651 -1.000000 0.000459 -0.000175 -1.803514 -0.000175 0.000001 1.000000 -148.071590
0.000466 1.000000 -0.000000 52.371758 -1.000000 0.000466 -0.000377 -1.803608 -0.000377 0.000000 1.000000 -148.082590
0.000466 1.000000 -0.000000 51.551350 -1.000000 0.000466 -0.000089 -1.803475 -0.000089 0.000000 1.000000 -148.093048
0.000475 1.000000 -0.000001 50.744997 -1.000000 0.000475 0.000250 -1.803319 0.000250 0.000001 1.000000 -148.102970
0.000478 1.000000 -0.000000 49.944264 -1.000000 0.000478 0.000243 -1.803322 0.000243 0.000000 1.000000 -148.112328
0.000484 1.000000 -0.000001 49.133478 -1.000000 0.000484 -0.000098 -1.803479 -0.000098 0.000001 1.000000 -148.121098
0.000491 1.000000 -0.000000 48.306510 -1.000000 0.000491 -0.000393 -1.803615 -0.000393 0.000000 1.000000 -148.129299
0.000494 1.000000 -0.000000 47.481375 -1.000000 0.000494 -0.000151 -1.803504 -0.000151 0.000000 1.000000 -148.136889
0.000499 1.000000 -0.000001 46.670687 -1.000000 0.000499 0.000228 -1.803329 0.000228 0.000001 1.000000 -148.143890
0.000503 1.000000 -0.000000 45.869365 -1.000000 0.000503 0.000315 -1.803289 0.000315 0.000000 1.000000 -148.150274
0.000509 1.000000 -0.000000 45.061288 -1.000000 0.000509 0.000012 -1.803429 0.000012 0.000000 1.000000 -148.156016
0.000515 1.000000 -0.000000 44.237961 -1.000000 0.000515 -0.000321 -1.803582 -0.000321 0.000000 1.000000 -148.161121
0.000519 1.000000 -0.000000 43.410144 -1.000000 0.000519 -0.000256 -1.803552 -0.000256 0.000001 1.000000 -148.165578
0.000523 1.000000 -0.000000 42.592688 -1.000000 0.000523 0.000095 -1.803391 0.000095 0.000000 1.000000 -148.169392
0.000527 1.000000 -0.000001 41.787245 -1.000000 0.000527 0.000302 -1.803295 0.000302 0.000000 1.000000 -148.172521
0.000531 1.000000 -0.000000 40.979235 -1.000000 0.000531 0.000097 -1.803390 0.000097 0.000000 1.000000 -148.174971
0.000534 1.000000 -0.000000 40.157344 -1.000000 0.000534 -0.000248 -1.803548 -0.000248 0.000000 1.000000 -148.176669
0.000533 1.000000 0.000000 39.326126 -1.000000 0.000533 -0.000323 -1.803582 -0.000323 0.000000 1.000000 -148.177667
0.000531 1.000000 0.000000 38.501961 -1.000000 0.000531 -0.000005 -1.803437 -0.000005 -0.000000 1.000000 -148.178029
0.000533 1.000000 -0.000000 37.691515 -1.000000 0.000533 0.000288 -1.803302 0.000288 0.000000 1.000000 -148.177609
0.000534 1.000000 -0.000000 36.882788 -1.000000 0.000534 0.000182 -1.803351 0.000182 0.000000 1.000000 -148.176502
0.000537 1.000000 0.000000 36.061699 -1.000000 0.000537 -0.000175 -1.803514 -0.000175 0.000000 1.000000 -148.174592
0.000534 1.000000 0.000001 35.226896 -1.000000 0.000534 -0.000378 -1.803608 -0.000378 -0.000001 1.000000 -148.171943
0.000533 1.000000 -0.000000 34.396411 -1.000000 0.000533 -0.000089 -1.803475 -0.000089 0.000000 1.000000 -148.168531
0.000533 1.000000 -0.000000 33.579816 -1.000000 0.000533 0.000250 -1.803319 0.000250 0.000000 1.000000 -148.164391
0.000533 1.000000 -0.000000 32.768673 -1.000000 0.000533 0.000243 -1.803322 0.000243 0.000000 1.000000 -148.159483
0.000536 1.000000 -0.000000 31.947331 -1.000000 0.000536 -0.000098 -1.803479 -0.000098 0.000000 1.000000 -148.153688
0.000534 1.000000 0.000001 31.109640 -1.000000 0.000534 -0.000393 -1.803615 -0.000393 -0.000001 1.000000 -148.147103
0.000551 0.999997 0.002359 30.275117 -1.000000 0.000549 0.000650 -1.804481 0.000648 -0.002360 0.999997 -148.143427
0.000896 1.000000 0.000117 29.452082 -1.000000 0.000896 0.000440 -1.803879 0.000440 -0.000118 1.000000 -148.131952
0.001563 0.999999 -0.000095 28.638202 -0.999999 0.001563 0.000281 -1.803344 0.000281 0.000095 1.000000 -148.122755
0.002055 0.999998 -0.000031 27.816591 -0.999998 0.002055 -0.000050 -1.803352 -0.000050 0.000031 1.000000 -148.113857
0.002227 0.999997 0.000913 26.979094 -0.999997 0.002228 -0.001202 -1.804601 -0.001204 -0.000910 0.999999 -148.105568
0.001915 0.999998 -0.000046 26.141360 -0.999998 0.001915 -0.000299 -1.803689 -0.000299 0.000047 1.000000 -148.092721
0.001583 0.999999 -0.000083 25.315475 -0.999999 0.001583 0.000212 -1.803300 0.000212 0.000083 1.000000 -148.079867
0.001310 0.999999 -0.000046 24.496940 -0.999999 0.001310 0.000288 -1.803248 0.000288 0.000046 1.000000 -148.066251
0.001150 0.999999 -0.000026 23.669671 -0.999999 0.001150 -0.000029 -1.803412 -0.000029 0.000026 1.000000 -148.051708
0.001015 0.999999 -0.000010 22.828878 -0.999999 0.001015 -0.000290 -1.803551 -0.000290 0.000011 1.000000 -148.036321
0.000922 1.000000 -0.000007 21.988952 -1.000000 0.000922 -0.000117 -1.803482 -0.000117 0.000007 1.000000 -148.020065
0.000868 1.000000 -0.000006 21.161264 -1.000000 0.000868 0.000204 -1.803339 0.000204 0.000006 1.000000 -148.002899
0.000813 1.000000 -0.000003 20.337813 -1.000000 0.000813 0.000195 -1.803345 0.000195 0.000003 1.000000 -147.984874
0.000788 1.000000 -0.000005 19.503292 -1.000000 0.000788 -0.000129 -1.803494 -0.000129 0.000005 1.000000 -147.965890
0.000744 1.000000 -0.000002 18.657583 -1.000000 0.000744 -0.000282 -1.803564 -0.000282 0.000002 1.000000 -147.945998
0.000730 1.000000 -0.000004 17.817367 -1.000000 0.000730 -0.000017 -1.803442 -0.000017 0.000004 1.000000 -147.925112
0.000717 1.000000 -0.000004 16.989131 -1.000000 0.000717 0.000250 -1.803320 0.000250 0.000004 1.000000 -147.903283
0.000715 1.000000 -0.000004 16.160583 -1.000000 0.000715 0.000124 -1.803377 0.000124 0.000004 1.000000 -147.880472
0.000699 1.000000 -0.000004 15.318955 -1.000000 0.000699 -0.000203 -1.803528 -0.000203 0.000004 1.000000 -147.856668
0.000691 1.000000 -0.000004 14.470147 -1.000000 0.000691 -0.000236 -1.803543 -0.000236 0.000004 1.000000 -147.831879
0.000686 1.000000 -0.000004 13.629894 -1.000000 0.000686 0.000068 -1.803403 0.000068 0.000004 1.000000 -147.806079
0.000677 1.000000 -0.000004 12.799129 -1.000000 0.000677 0.000239 -1.803324 0.000239 0.000004 1.000000 -147.779275
0.000678 1.000000 -0.000005 11.963415 -1.000000 0.000678 0.000024 -1.803423 0.000024 0.000005 1.000000 -147.751427
0.000665 1.000000 -0.000004 11.114475 -1.000000 0.000665 -0.000252 -1.803550 -0.000252 0.000004 1.000000 -147.722556
0.000663 1.000000 -0.000004 10.263760 -1.000000 0.000663 -0.000149 -1.803502 -0.000149 0.000004 1.000000 -147.692623
0.000657 1.000000 -0.000004 9.423775 -1.000000 0.000657 0.000158 -1.803362 0.000158 0.000004 1.000000 -147.661664
0.000655 1.000000 -0.000005 8.589234 -1.000000 0.000655 0.000198 -1.803343 0.000198 0.000004 1.000000 -147.629641
0.000655 1.000000 -0.000005 7.745034 -1.000000 0.000655 -0.000095 -1.803478 -0.000095 0.000005 1.000000 -147.596544
0.000647 1.000000 -0.000004 6.889741 -1.000000 0.000647 -0.000260 -1.803554 -0.000260 0.000004 1.000000 -147.562365
0.000649 1.000000 -0.000005 6.038717 -1.000000 0.000649 -0.000030 -1.803448 -0.000030 0.000005 1.000000 -147.527095
0.000645 1.000000 -0.000004 5.198746 -1.000000 0.000645 0.000225 -1.803331 0.000225 0.000004 1.000000 -147.490725
0.000647 1.000000 -0.000005 4.358620 -1.000000 0.000647 0.000115 -1.803381 0.000115 0.000005 1.000000 -147.453262
0.000643 1.000000 -0.000005 3.505811 -1.000000 0.000643 -0.000195 -1.803524 -0.000195 0.000005 1.000000 -147.414683
0.000639 1.000000 -0.000004 2.646622 -1.000000 0.000639 -0.000213 -1.803532 -0.000213 0.000004 1.000000 -147.374949
0.000640 1.000000 -0.000005 1.795927 -1.000000 0.000640 0.000080 -1.803398 0.000080 0.000005 1.000000 -147.334096
0.000638 1.000000 -0.000005 0.953696 -1.000000 0.000638 0.000225 -1.803331 0.000225 0.000004 1.000000 -147.292118
0.000642 1.000000 -0.000005 0.105603 -1.000000 0.000642 -0.000001 -1.803435 -0.000001 0.000005 1.000000 -147.249005
0.000637 1.000000 -0.000005 -0.754986 -1.000000 0.000637 -0.000245 -1.803547 -0.000245 0.000005 1.000000 -147.204704
0.000637 1.000000 -0.000004 -1.615902 -1.000000 0.000637 -0.000115 -1.803487 -0.000115 0.000004 1.000000 -147.159238
0.000635 1.000000 -0.000005 -2.466516 -1.000000 0.000635 0.000167 -1.803357 0.000167 0.000005 1.000000 -147.112613
0.000638 1.000000 -0.000005 -3.313593 -1.000000 0.000638 0.000164 -1.803359 0.000164 0.000005 1.000000 -147.064808
0.000637 1.000000 -0.000005 -4.171171 -1.000000 0.000637 -0.000125 -1.803492 -0.000125 0.000005 1.000000 -147.015814
0.000635 1.000000 -0.000004 -5.037675 -1.000000 0.000635 -0.000229 -1.803540 -0.000229 0.000005 1.000000 -146.965608
0.000636 1.000000 -0.000005 -5.898580 -1.000000 0.000636 0.000013 -1.803428 0.000013 0.000005 1.000000 -146.914214
0.000634 1.000000 -0.000005 -6.750208 -1.000000 0.000634 0.000210 -1.803338 0.000210 0.000005 1.000000 -146.861608
0.000638 1.000000 -0.000005 -7.604741 -1.000000 0.000638 0.000052 -1.803410 0.000052 0.000005 1.000000 -146.807799
0.000634 1.000000 -0.000005 -8.471550 -1.000000 0.000634 -0.000213 -1.803532 -0.000213 0.000005 1.000000 -146.752734
0.000634 1.000000 -0.000004 -9.341137 -1.000000 0.000634 -0.000147 -1.803502 -0.000147 0.000004 1.000000 -146.696451
0.000633 1.000000 -0.000005 -10.201554 -1.000000 0.000633 0.000128 -1.803375 0.000128 0.000005 1.000000 -146.638929
0.000636 1.000000 -0.000005 -11.056807 -1.000000 0.000636 0.000180 -1.803352 0.000180 0.000005 1.000000 -146.580174
0.000636 1.000000 -0.000005 -11.920881 -1.000000 0.000636 -0.000083 -1.803472 -0.000083 0.000005 1.000000 -146.520136
0.000633 1.000000 -0.000005 -12.794951 -1.000000 0.000633 -0.000229 -1.803539 -0.000229 0.000005 1.000000 -146.458852
0.000635 1.000000 -0.000005 -13.665235 -1.000000 0.000635 -0.000022 -1.803445 -0.000022 0.000005 1.000000 -146.396286
0.000633 1.000000 -0.000005 -14.526132 -1.000000 0.000633 0.000196 -1.803344 0.000196 0.000005 1.000000 -146.332477
0.000639 1.000000 -0.000005 -15.388222 -1.000000 0.000639 0.000080 -1.803397 0.000080 0.000005 1.000000 -146.267372
0.000635 1.000000 -0.000005 -16.262236 -1.000000 0.000635 -0.000191 -1.803522 -0.000191 0.000005 1.000000 -146.200982
0.000634 1.000000 -0.000004 -17.140456 -1.000000 0.000634 -0.000164 -1.803509 -0.000164 0.000005 1.000000 -146.133283
0.000633 1.000000 -0.000005 -18.010348 -1.000000 0.000633 0.000103 -1.803387 0.000103 0.000005 1.000000 -146.064302
0.000635 1.000000 -0.000005 -18.874258 -1.000000 0.000635 0.000186 -1.803349 0.000186 0.000005 1.000000 -145.994031
0.000637 1.000000 -0.000005 -19.745895 -1.000000 0.000637 -0.000057 -1.803460 -0.000057 0.000005 1.000000 -145.922434
0.000634 1.000000 -0.000005 -20.628033 -1.000000 0.000634 -0.000225 -1.803538 -0.000225 0.000005 1.000000 -145.849521
0.000636 1.000000 -0.000005 -21.507498 -1.000000 0.000636 -0.000043 -1.803454 -0.000043 0.000005 1.000000 -145.775272
0.000634 1.000000 -0.000005 -22.377679 -1.000000 0.000634 0.000184 -1.803350 0.000184 0.000005 1.000000 -145.699725
0.000638 1.000000 -0.000005 -23.248108 -1.000000 0.000638 0.000095 -1.803391 0.000095 0.000005 1.000000 -145.622830
0.000636 1.000000 -0.000005 -24.130110 -1.000000 0.000636 -0.000176 -1.803515 -0.000176 0.000005 1.000000 -145.544598
0.000635 1.000000 -0.000004 -25.017052 -1.000000 0.000635 -0.000170 -1.803513 -0.000170 0.000005 1.000000 -145.465006
0.000634 1.000000 -0.000005 -25.896267 -1.000000 0.000634 0.000088 -1.803394 0.000088 0.000005 1.000000 -145.384082
0.000635 1.000000 -0.000005 -26.769218 -1.000000 0.000635 0.000185 -1.803349 0.000185 0.000005 1.000000 -145.301820
0.000639 1.000000 -0.000012 -27.648992 -1.000000 0.000639 0.000111 -1.803649 0.000111 0.000012 1.000000 -145.218184
0.000634 1.000000 -0.000009 -28.538833 -1.000000 0.000634 0.000360 -1.804377 0.000360 0.000009 1.000000 -145.133171
0.000636 1.000000 -0.000008 -29.426642 -0.999999 0.000636 0.000970 -1.805062 0.000970 0.000007 1.000000 -145.046805
0.000635 1.000000 -0.000005 -30.305610 -0.999999 0.000635 0.001607 -1.805692 0.001607 0.000004 0.999999 -144.959083
0.000637 1.000000 -0.000004 -31.184875 -0.999998 0.000637 0.001648 -1.806762 0.001648 0.000003 0.999999 -144.869984
0.000636 1.000000 -0.000005 -32.075391 -0.999999 0.000636 0.001342 -1.808140 0.001342 0.000004 0.999999 -144.779475
0.000634 1.000000 -0.000005 -32.971023 -0.999999 0.000634 0.001293 -1.809408 0.001293 0.000004 0.999999 -144.687582
0.000634 1.000000 -0.000005 -33.859538 -0.999999 0.000634 0.001511 -1.810515 0.001511 0.000004 0.999999 -144.594315
0.000635 1.000000 -0.000006 -34.742064 -0.999999 0.000635 0.001597 -1.811650 0.001597 0.000005 0.999999 -144.499657
0.000641 1.000000 0.000003 -35.630720 -0.999999 0.000641 0.001604 -1.813190 0.001604 -0.000004 0.999999 -144.403633
0.000635 1.000000 -0.000001 -36.528213 -0.999997 0.000635 0.002257 -1.815665 0.002257 -0.000001 0.999997 -144.306164
0.000634 1.000000 -0.000005 -37.424081 -0.999994 0.000634 0.003294 -1.818285 0.003294 0.000003 0.999995 -144.207292
0.000632 1.000000 -0.000007 -38.312197 -0.999990 0.000632 0.004333 -1.820825 0.004333 0.000005 0.999991 -144.107029
0.000636 1.000000 -0.000001 -39.201046 -0.999989 0.000636 0.004607 -1.823962 0.004607 -0.000002 0.999989 -144.005373
0.000635 1.000000 -0.000004 -40.100218 -0.999991 0.000635 0.004300 -1.827737 0.004300 0.000002 0.999991 -143.902289
0.000634 1.000000 -0.000006 -41.003962 -0.999991 0.000634 0.004200 -1.831454 0.004200 0.000003 0.999991 -143.797774
0.000633 1.000000 -0.000007 -41.901747 -0.999990 0.000633 0.004353 -1.834973 0.004353 0.000004 0.999991 -143.691857
0.000633 1.000000 -0.000007 -42.794792 -0.999990 0.000633 0.004407 -1.838466 0.004407 0.000005 0.999990 -143.584520
0.000637 1.000000 -0.000022 -43.693342 -0.999990 0.000637 0.004363 -1.842232 0.004363 0.000019 0.999990 -143.475760
0.000634 1.000000 -0.000018 -44.598817 -0.999987 0.000634 0.005013 -1.846954 0.005013 0.000015 0.999987 -143.365559
0.000635 1.000000 -0.000015 -45.502881 -0.999982 0.000635 0.006025 -1.851912 0.006025 0.000011 0.999982 -143.253962
0.000634 1.000000 -0.000013 -46.401192 -0.999975 0.000634 0.007024 -1.856808 0.007024 0.000009 0.999975 -143.140920
0.000636 1.000000 -0.000017 -47.300833 -0.999972 0.000636 0.007408 -1.862154 0.007408 0.000012 0.999973 -143.026446
0.000636 1.000000 -0.000014 -48.208764 -0.999974 0.000636 0.007179 -1.868216 0.007179 0.000009 0.999974 -142.910540
0.000634 1.000000 -0.000012 -49.119842 -0.999975 0.000634 0.007088 -1.874275 0.007088 0.000007 0.999975 -142.793199
0.000634 1.000000 -0.000011 -50.026726 -0.999974 0.000634 0.007177 -1.880165 0.007177 0.000006 0.999974 -142.674421
0.000636 1.000000 -0.000010 -50.931148 -0.999974 0.000636 0.007189 -1.886016 0.007189 0.000006 0.999974 -142.554207
0.000640 1.000000 -0.000022 -51.840179 -0.999974 0.000640 0.007129 -1.892023 0.007129 0.000018 0.999975 -142.432538
0.000634 1.000000 -0.000022 -52.753250 -0.999969 0.000634 0.007786 -1.898951 0.007786 0.000017 0.999970 -142.309446
0.000633 1.000000 -0.000017 -53.665045 -0.999961 0.000634 0.008764 -1.906235 0.008764 0.000012 0.999962 -142.184897
0.000633 1.000000 -0.000015 -54.573949 -0.999953 0.000633 0.009701 -1.913504 0.009701 0.000009 0.999953 -142.058938
0.000632 1.000000 -0.000007 -55.484935 -0.999948 0.000632 0.010193 -1.921079 0.010193 0.000001 0.999948 -141.931553
0.000633 1.000000 -0.000009 -56.401581 -0.999949 0.000633 0.010065 -1.929407 0.010065 0.000003 0.999949 -141.802679
0.000634 1.000000 -0.000011 -57.319854 -0.999950 0.000634 0.009981 -1.937795 0.009981 0.000004 0.999950 -141.672379
0.000634 1.000000 -0.000011 -58.236059 -0.999950 0.000634 0.009998 -1.946059 0.009998 0.000005 0.999950 -141.540636
0.000636 1.000000 -0.000012 -59.151950 -0.999950 0.000636 0.009972 -1.954279 0.009972 0.000005 0.999950 -141.407450
0.000637 1.000000 -0.000009 -60.071192 -0.999951 0.000637 0.009903 -1.962534 0.009903 0.000003 0.999951 -141.272822
0.000635 1.000000 -0.000009 -60.992646 -0.999948 0.000635 0.010207 -1.971198 0.010207 0.000002 0.999948 -141.136753
0.000633 1.000000 -0.000011 -61.913427 -0.999943 0.000633 0.010703 -1.980077 0.010703 0.000004 0.999943 -140.999242
0.000634 1.000000 -0.000012 -62.833484 -0.999937 0.000634 0.011166 -1.988970 0.011166 0.000005 0.999938 -140.860275
0.000633 1.000000 -0.000010 -63.755564 -0.999934 0.000633 0.011446 -1.997973 0.011446 0.000002 0.999934 -140.719899
0.000633 1.000000 -0.000011 -64.680940 -0.999935 0.000633 0.011406 -2.007371 0.011406 0.000004 0.999935 -140.578068
0.000633 1.000000 -0.000012 -65.607215 -0.999935 0.000633 0.011374 -2.016818 0.011374 0.000005 0.999935 -140.434785
0.000633 1.000000 -0.000013 -66.532920 -0.999935 0.000633 0.011376 -2.026210 0.011376 0.000005 0.999935 -140.290081
0.000634 1.000000 -0.000013 -67.459401 -0.999935 0.000634 0.011350 -2.035586 0.011350 0.000006 0.999936 -140.143941
0.000633 1.000000 -0.000013 -68.388247 -0.999936 0.000633 0.011308 -2.044968 0.011308 0.000006 0.999936 -139.996353
0.000631 1.000000 -0.000013 -69.318667 -0.999936 0.000631 0.011302 -2.054330 0.011302 0.000006 0.999936 -139.847349
0.000632 1.000000 -0.000013 -70.249153 -0.999936 0.000632 0.011332 -2.063662 0.011332 0.000006 0.999936 -139.696915
0.000632 1.000000 -0.000013 -71.179909 -0.999935 0.000632 0.011341 -2.072994 0.011341 0.000006 0.999936 -139.545069
0.000632 1.000000 -0.000013 -72.112391 -0.999936 0.000632 0.011318 -2.082350 0.011318 0.000006 0.999936 -139.391768
0.000633 1.000000 -0.000013 -73.046726 -0.999936 0.000633 0.011303 -2.091711 0.011303 0.000006 0.999936 -139.237074
0.000634 1.000000 -0.000013 -73.981731 -0.999936 0.000634 0.011319 -2.101053 0.011319 0.000006 0.999936 -139.080944
0.000635 1.000000 -0.000013 -74.916961 -0.999936 0.000635 0.011337 -2.110386 0.011337 0.000006 0.999936 -138.923398
0.000634 1.000000 -0.000013 -75.853321 -0.999936 0.000634 0.011327 -2.119733 0.011327 0.000006 0.999936 -138.764421
0.000633 1.000000 -0.000013 -76.791443 -0.999936 0.000633 0.011309 -2.129091 0.011309 0.000006 0.999936 -138.604049
0.000632 1.000000 -0.000013 -77.730706 -0.999936 0.000632 0.011313 -2.138441 0.011313 0.000006 0.999936 -138.442269
0.000633 1.000000 -0.000013 -78.670375 -0.999936 0.000633 0.011329 -2.147779 0.011329 0.000006 0.999936 -138.279084
0.000632 1.000000 -0.000013 -79.610813 -0.999936 0.000632 0.011330 -2.157120 0.011330 0.000006 0.999936 -138.114498
0.000632 1.000000 -0.000013 -80.552729 -0.999936 0.000632 0.011317 -2.166473 0.011317 0.000006 0.999936 -137.948514
0.000632 1.000000 -0.000013 -81.496011 -0.999936 0.000632 0.011312 -2.175826 0.011312 0.000006 0.999936 -137.781138
0.000632 1.000000 -0.000013 -82.440009 -0.999936 0.000632 0.011323 -2.185169 0.011323 0.000006 0.999936 -137.612372
0.000633 1.000000 -0.000013 -83.384627 -0.999936 0.000634 0.011330 -2.194509 0.011330 0.000006 0.999936 -137.442222
0.000633 1.000000 -0.000013 -84.330412 -0.999936 0.000633 0.011322 -2.203858 0.011322 0.000006 0.999936 -137.270691
0.000632 1.000000 -0.000013 -85.277567 -0.999936 0.000632 0.011314 -2.213211 0.011314 0.000006 0.999936 -137.097769
0.000632 1.000000 -0.000013 -86.225675 -0.999936 0.000632 0.011319 -2.222557 0.011319 0.000006 0.999936 -136.923506
0.000632 1.000000 -0.000013 -87.174460 -0.999936 0.000632 0.011327 -2.231898 0.011327 0.000006 0.999936 -136.747862
0.000632 1.000000 -0.000013 -88.124175 -0.999936 0.000632 0.011325 -2.241244 0.011325 0.000006 0.999936 -136.570858
0.000633 1.000000 -0.000013 -89.075161 -0.999936 0.000633 0.011317 -2.250594 0.011317 0.000006 0.999936 -136.392482
0.000632 1.000000 -0.000013 -90.027254 -0.999936 0.000632 0.011317 -2.259944 0.011317 0.000006 0.999936 -136.212771
0.000632 1.000000 -0.000013 -90.980113 -0.999936 0.000632 0.011323 -2.269287 0.011323 0.000006 0.999936 -136.031716
0.000632 1.000000 -0.000013 -91.933781 -0.999936 0.000632 0.011325 -2.278631 0.011325 0.000006 0.999936 -135.849338
0.000633 1.000000 -0.000013 -92.888573 -0.999936 0.000633 0.011320 -2.287980 0.011320 0.000006 0.999936 -135.665596
0.003567 0.999994 -0.000342 -93.844355 -0.999930 0.003571 0.011319 -2.297327 0.011320 0.000301 0.999936 -135.475447
0.004153 0.999991 -0.000103 -94.801131 -0.999927 0.004154 0.011320 -2.306673 0.011320 0.000056 0.999936 -135.286327
0.007608 0.999971 -0.000836 -95.758498 -0.999907 0.007617 0.011326 -2.316010 0.011332 0.000750 0.999936 -135.090050
0.013655 0.999907 -0.000645 -96.716261 -0.999843 0.013662 0.011321 -2.325348 0.011329 0.000490 0.999936 -134.886057
0.018335 0.999831 -0.001166 -97.675704 -0.999768 0.018347 0.011296 -2.334699 0.011315 0.000959 0.999936 -134.678353
0.027711 0.999615 -0.001246 -98.635473 -0.999552 0.027724 0.011283 -2.344036 0.011313 0.000933 0.999936 -134.457653
0.031418 0.999506 -0.000915 -99.596949 -0.999443 0.031427 0.011268 -2.353373 0.011292 0.000560 0.999936 -134.238245
0.043936 0.999032 -0.002176 -100.556870 -0.998969 0.043958 0.011362 -2.362795 0.011446 0.001675 0.999933 -133.998577
0.051702 0.998662 -0.001346 -101.518199 -0.998596 0.051714 0.011465 -2.372378 0.011519 0.000751 0.999933 -133.757898
0.059840 0.998206 -0.001979 -102.480617 -0.998138 0.059859 0.011723 -2.382139 0.011820 0.001274 0.999929 -133.507502
0.073965 0.997259 -0.002130 -103.442264 -0.997190 0.073985 0.011765 -2.391436 0.011891 0.001254 0.999929 -133.239508
0.084931 0.996384 -0.002367 -104.404393 -0.996316 0.084953 0.011725 -2.401604 0.011883 0.001362 0.999928 -132.964958
0.101354 0.994847 -0.002557 -105.364930 -0.994779 0.101377 0.011736 -2.411042 0.011935 0.001354 0.999928 -132.670751
0.111053 0.993813 -0.001958 -106.327967 -0.993745 0.111069 0.011619 -2.421115 0.011765 0.000656 0.999931 -132.373895
0.128203 0.991743 -0.003226 -107.287340 -0.991675 0.128232 0.011671 -2.430828 0.011989 0.001702 0.999927 -132.053997
0.141526 0.989932 -0.002451 -108.247308 -0.989864 0.141545 0.011601 -2.440462 0.011831 0.000785 0.999930 -131.727362
0.153298 0.988176 -0.002978 -109.206856 -0.988108 0.153322 0.011588 -2.450578 0.011908 0.001166 0.999928 -131.389803
0.171484 0.985181 -0.003273 -110.163027 -0.985115 0.171511 0.011548 -2.459997 0.011939 0.001244 0.999928 -131.030709
0.185955 0.982552 -0.003523 -111.119253 -0.982487 0.185983 0.011367 -2.470108 0.011824 0.001347 0.999929 -130.662572
0.205723 0.978603 -0.003815 -112.070851 -0.978537 0.205753 0.011446 -2.479727 0.011985 0.001378 0.999927 -130.272338
0.218018 0.975940 -0.003119 -113.024558 -0.975873 0.218040 0.011393 -2.489543 0.011799 0.000560 0.999930 -129.877826
0.237000 0.971499 -0.004474 -113.971419 -0.971436 0.237036 0.011247 -2.499534 0.011986 0.001680 0.999927 -129.459451
0.252386 0.967619 -0.003737 -114.917627 -0.967553 0.252413 0.011349 -2.509008 0.011925 0.000751 0.999929 -129.032362
0.265479 0.964107 -0.004233 -115.862666 -0.964044 0.265511 0.011117 -2.519190 0.011841 0.001129 0.999929 -128.593715
0.284989 0.958520 -0.004640 -116.800873 -0.958456 0.285024 0.011130 -2.528710 0.011991 0.001276 0.999927 -128.132640
0.300501 0.953770 -0.004771 -117.738261 -0.953708 0.300536 0.010890 -2.538606 0.011821 0.001278 0.999929 -127.661905
0.321077 0.947039 -0.005206 -118.667726 -0.946977 0.321116 0.010896 -2.548532 0.011991 0.001431 0.999927 -127.168581
0.334044 0.942547 -0.004444 -119.598844 -0.942482 0.334073 0.011032 -2.558089 0.011883 0.000503 0.999929 -126.670531
0.353222 0.935522 -0.005787 -120.520222 -0.935464 0.353266 0.010551 -2.568241 0.011916 0.001687 0.999928 -126.148968
0.368927 0.929444 -0.005156 -121.439254 -0.929381 0.368962 0.010843 -2.577736 0.011980 0.000791 0.999928 -125.618323
