-0.999743 -0.022610 -0.001330 132.784409 0.022610 -0.999744 0.000030 -1.803884 -0.001330 0.000000 0.999999 -102.308601
-0.999743 -0.022610 -0.001410 132.793081 0.022610 -0.999744 0.000032 -1.803921 -0.001411 0.000000 0.999999 -102.693221
-0.999743 -0.022612 -0.001480 132.802512 0.022612 -0.999744 0.000034 -1.803953 -0.001481 0.000000 0.999999 -103.112782
-0.999743 -0.022612 -0.001496 132.812672 0.022612 -0.999744 0.000034 -1.803961 -0.001497 0.000000 0.999999 -103.566391
-0.999743 -0.022614 -0.001473 132.823498 0.022614 -0.999744 0.000034 -1.803950 -0.001473 0.000000 0.999999 -104.052577
-0.999743 -0.022618 -0.001301 132.834931 0.022618 -0.999744 0.000030 -1.804159 -0.001302 0.000000 0.999999 -104.566662
-0.999744 -0.022618 -0.000681 132.846299 0.022618 -0.999744 0.000015 -1.803882 -0.000681 -0.000000 1.000000 -105.079907
-0.999745 -0.022588 -0.000463 132.857755 0.022588 -0.999745 0.000011 -1.803728 -0.000463 0.000000 1.000000 -105.599071
-0.999742 -0.022686 -0.000684 132.869664 0.022686 -0.999743 0.000007 -1.803784 -0.000684 -0.000009 1.000000 -106.137988
-0.999742 -0.022676 -0.000880 132.882027 0.022676 -0.999743 0.000020 -1.803850 -0.000880 0.000000 1.000000 -106.701509
-0.999742 -0.022683 -0.001094 132.894753 0.022683 -0.999743 0.000043 -1.803939 -0.001095 0.000018 0.999999 -107.292589
-0.999750 -0.022340 -0.000952 132.908284 0.022340 -0.999750 0.000019 -1.803871 -0.000952 -0.000002 1.000000 -107.903910
-0.999753 -0.022174 -0.001147 132.922330 0.022174 -0.999754 0.000019 -1.803959 -0.001147 -0.000006 0.999999 -108.532925
-0.999746 -0.022407 -0.002232 132.938021 0.022407 -0.999749 0.000048 -1.804456 -0.002232 -0.000002 0.999998 -109.246248
-0.999743 -0.022569 -0.002329 132.954625 0.022569 -0.999745 0.000053 -1.804501 -0.002329 0.000001 0.999997 -110.009614
-0.999745 -0.022495 -0.001993 132.971942 0.022495 -0.999747 0.000057 -1.804348 -0.001994 0.000012 0.999998 -110.808644
-0.999745 -0.022545 -0.001585 132.989959 0.022545 -0.999746 0.000035 -1.804162 -0.001586 -0.000001 0.999999 -111.635434
-0.999745 -0.022548 -0.000909 133.008050 0.022548 -0.999746 0.000022 -1.803852 -0.000909 0.000002 1.000000 -112.470744
-0.999746 -0.022555 -0.000087 133.025756 0.022555 -0.999746 0.000002 -1.803475 -0.000087 0.000000 1.000000 -113.290534
-0.999745 -0.022561 0.000351 133.043049 0.022561 -0.999745 -0.000008 -1.803273 0.000351 0.000000 1.000000 -114.093164
-0.999745 -0.022564 0.000223 133.060249 0.022564 -0.999745 -0.000005 -1.803332 0.000224 0.000000 1.000000 -114.893880
-0.999818 -0.019075 -0.000161 133.071740 0.019075 -0.999818 0.000689 -1.803514 -0.000174 0.000686 1.000000 -115.707270
-0.999890 -0.014840 -0.000455 133.080483 0.014840 -0.999890 0.000185 -1.803645 -0.000458 0.000178 1.000000 -116.537088
-0.999941 -0.010820 -0.000152 133.085822 0.010820 -0.999941 0.000736 -1.803507 -0.000160 0.000735 1.000000 -117.363790
-1.000000 0.000064 0.000248 133.076452 -0.000063 -1.000000 0.000825 -1.803319 0.000248 0.000825 1.000000 -118.173856
-0.999985 0.005510 0.000294 133.068606 -0.005510 -0.999985 0.000362 -1.803298 0.000296 0.000360 1.000000 -118.975620
-0.999692 0.024799 -0.000020 133.031556 -0.024799 -0.999689 0.002523 -1.803410 0.000043 0.002522 0.999997 -119.781840
-0.998587 0.053139 -0.000407 132.966536 -0.053140 -0.998584 0.002299 -1.803560 -0.000284 0.002317 0.999997 -120.599718
-0.997469 0.071107 -0.000364 132.897321 -0.071108 -0.997468 0.001226 -1.803559 -0.000276 0.001249 0.999999 -121.424160
-0.996523 0.083315 0.000018 132.821804 -0.083315 -0.996523 0.000789 -1.803395 0.000083 0.000785 1.000000 -122.237627
-0.995458 0.095199 0.000253 132.736554 -0.095198 -0.995457 0.001312 -1.803260 0.000377 0.001282 0.999999 -123.034261
-0.991262 0.131904 -0.000155 132.600464 -0.131904 -0.991255 0.003854 -1.803259 0.000355 0.003841 0.999993 -123.816429
-0.986225 0.165406 -0.000507 132.443715 -0.165406 -0.986222 0.002512 -1.803467 -0.000085 0.002562 0.999997 -124.607517
-0.982336 0.187124 -0.000700 132.275494 -0.187124 -0.982335 0.001390 -1.803628 -0.000427 0.001497 0.999999 -125.415415
-0.978540 0.206055 -0.000558 132.092185 -0.206056 -0.978539 0.001695 -1.803522 -0.000197 0.001773 0.999998 -126.219930
-0.971453 0.237233 -0.000412 131.875509 -0.237233 -0.971449 0.002714 -1.803316 0.000244 0.002734 0.999996 -126.998999
-0.965748 0.259483 -0.000114 131.652992 -0.259482 -0.965746 0.001618 -1.803289 0.000310 0.001592 0.999999 -127.767997
-0.957507 0.288410 -0.000820 131.397460 -0.288411 -0.957502 0.002994 -1.803391 0.000078 0.003104 0.999995 -128.531856
-0.947595 0.319472 -0.001039 131.112223 -0.319473 -0.947593 0.002268 -1.803548 -0.000260 0.002481 0.999997 -129.300089
-0.934376 0.356285 -0.001557 130.791790 -0.356288 -0.934369 0.003783 -1.803470 -0.000107 0.004089 0.999992 -130.056824
-0.912834 0.408328 -0.001680 130.423847 -0.408332 -0.912823 0.004425 -1.803289 0.000273 0.004725 0.999989 -130.774916
-0.896082 0.443887 -0.001011 130.043764 -0.443888 -0.896079 0.002553 -1.803322 0.000227 0.002737 0.999996 -131.485708
-0.884046 0.467400 -0.000861 129.646475 -0.467401 -0.884044 0.001516 -1.803456 -0.000053 0.001742 0.999998 -132.198222
-0.873399 0.487003 -0.001107 129.230197 -0.487005 -0.873398 0.001667 -1.803503 -0.000156 0.001995 0.999998 -132.908171
-0.854709 0.519105 -0.001588 128.780434 -0.519107 -0.854704 0.002819 -1.803377 0.000106 0.003234 0.999995 -133.587253
-0.837998 0.545672 -0.001280 128.320838 -0.545674 -0.837994 0.002456 -1.803305 0.000267 0.002757 0.999996 -134.249263
-0.808188 0.588918 -0.002773 127.813689 -0.588924 -0.808177 0.004281 -1.803284 0.000280 0.005093 0.999987 -134.869897
-0.778877 0.627172 -0.002345 127.274422 -0.627176 -0.778872 0.002747 -1.803469 -0.000103 0.003610 0.999993 -135.481292
-0.758641 0.651507 -0.001612 126.716709 -0.651509 -0.758640 0.001425 -1.803565 -0.000295 0.002131 0.999998 -136.095566
-0.744270 0.667878 -0.000884 126.154682 -0.667879 -0.744269 0.001039 -1.803416 0.000036 0.001364 0.999999 -136.695586
-0.724511 0.689261 -0.001699 125.581306 -0.689263 -0.724507 0.002410 -1.803230 0.000431 0.002917 0.999996 -137.258863
-0.702871 0.711316 -0.001398 124.994796 -0.711317 -0.702869 0.001868 -1.803270 0.000346 0.002308 0.999997 -137.800001
-0.685648 0.727931 -0.001610 124.390851 -0.727933 -0.685647 0.001457 -1.803450 -0.000043 0.002171 0.999998 -138.338810
-0.649811 0.760086 -0.003756 123.740006 -0.760096 -0.649804 0.002943 -1.803509 -0.000203 0.004767 0.999989 -138.836688
-0.615627 0.788033 -0.002692 123.068950 -0.788038 -0.615624 0.001868 -1.803509 -0.000185 0.003271 0.999995 -139.316738
-0.593046 0.805167 -0.001463 122.396535 -0.805168 -0.593045 0.001190 -1.803389 0.000090 0.001884 0.999998 -139.784594
-0.574114 0.818774 -0.001481 121.723883 -0.818775 -0.574113 0.001452 -1.803275 0.000339 0.002046 0.999998 -140.229761
-0.536254 0.844049 -0.003507 121.026765 -0.844057 -0.536248 0.002645 -1.803257 0.000352 0.004378 0.999990 -140.621388
-0.503106 0.864221 -0.002504 120.308034 -0.864225 -0.503104 0.001364 -1.803464 -0.000081 0.002850 0.999996 -141.001562
-0.481012 0.876712 -0.001692 119.567783 -0.876714 -0.481012 0.000457 -1.803621 -0.000413 0.001703 0.999998 -141.381668
-0.465488 0.885053 -0.001034 118.824926 -0.885054 -0.465488 0.000384 -1.803498 -0.000141 0.001094 0.999999 -141.751609
-0.442422 0.896804 -0.002243 118.085544 -0.896807 -0.442420 0.001495 -1.803269 0.000348 0.002673 0.999996 -142.085142
-0.417195 0.908816 -0.001711 117.348608 -0.908817 -0.417193 0.001284 -1.803222 0.000453 0.002091 0.999998 -142.392677
-0.384736 0.923020 -0.003437 116.596815 -0.923026 -0.384733 0.001704 -1.803307 0.000251 0.003828 0.999993 -142.667960
-0.338793 0.940853 -0.003850 115.818096 -0.940861 -0.338791 0.001249 -1.803479 -0.000129 0.004045 0.999992 -142.899871
-0.307483 0.951551 -0.002327 115.016618 -0.951553 -0.307484 0.000270 -1.803640 -0.000458 0.002297 0.999997 -143.128941
-0.285931 0.958249 -0.001416 114.213080 -0.958250 -0.285931 0.000245 -1.803511 -0.000170 0.001427 0.999999 -143.346125
-0.267629 0.963521 -0.001580 113.422009 -0.963522 -0.267628 0.000746 -1.803296 0.000296 0.001722 0.999998 -143.543658
-0.239732 0.970837 -0.002201 112.637692 -0.970839 -0.239730 0.001029 -1.803213 0.000471 0.002383 0.999997 -143.705003
-0.220158 0.975463 -0.001314 111.847434 -0.975464 -0.220158 0.000452 -1.803362 0.000152 0.001381 0.999999 -143.860773
-0.195467 0.980707 -0.002375 111.037953 -0.980710 -0.195467 0.000230 -1.803540 -0.000239 0.002374 0.999997 -143.992692
-0.174289 0.984693 -0.001572 110.211149 -0.984694 -0.174290 -0.000181 -1.803640 -0.000452 0.001517 0.999999 -144.114862
-0.156938 0.987607 -0.001666 109.387884 -0.987609 -0.156937 0.000176 -1.803472 -0.000087 0.001673 0.999999 -144.224447
-0.136090 0.990695 -0.001454 108.578616 -0.990696 -0.136090 0.000506 -1.803293 0.000304 0.001509 0.999999 -144.310511
-0.123785 0.992309 -0.000762 107.774161 -0.992309 -0.123784 0.000367 -1.803310 0.000270 0.000802 1.000000 -144.393627
-0.105576 0.994410 -0.001656 106.958629 -0.994411 -0.105576 0.000115 -1.803460 -0.000060 0.001659 0.999999 -144.455426
-0.094431 0.995531 -0.000717 106.127060 -0.995531 -0.094431 -0.000309 -1.803606 -0.000375 0.000684 1.000000 -144.517488
-0.078786 0.996891 -0.001382 105.296508 -0.996892 -0.078786 -0.000025 -1.803494 -0.000134 0.001375 0.999999 -144.560757
-0.070586 0.997506 -0.000415 104.479539 -0.997506 -0.070586 0.000239 -1.803338 0.000209 0.000431 1.000000 -144.604099
-0.065650 0.997843 -0.000280 103.670088 -0.997843 -0.065650 0.000281 -1.803314 0.000262 0.000297 1.000000 -144.643579
-0.054825 0.998496 -0.000963 102.852952 -0.998496 -0.054825 0.000026 -1.803446 -0.000027 0.000963 1.000000 -144.668322
-0.050295 0.998734 -0.000238 102.021050 -0.998734 -0.050296 -0.000327 -1.803589 -0.000338 0.000221 1.000000 -144.697160
-0.041223 0.999150 -0.000796 101.188743 -0.999150 -0.041223 -0.000139 -1.803513 -0.000172 0.000789 1.000000 -144.713009
-0.037188 0.999308 -0.000188 100.368795 -0.999308 -0.037188 0.000171 -1.803359 0.000163 0.000194 1.000000 -144.730687
-0.034762 0.999396 -0.000134 99.557888 -0.999396 -0.034762 0.000269 -1.803312 0.000265 0.000144 1.000000 -144.746095
-0.028986 0.999580 -0.000477 98.740972 -0.999580 -0.028986 0.000011 -1.803435 -0.000003 0.000477 1.000000 -144.753406
-0.026878 0.999639 -0.000107 97.909714 -0.999639 -0.026878 -0.000312 -1.803579 -0.000315 0.000098 1.000000 -144.763445
-0.023699 0.999719 -0.000431 97.076378 -0.999719 -0.023699 -0.000195 -1.803529 -0.000205 0.000427 1.000000 -144.769210
-0.020586 0.999788 -0.000143 96.254726 -0.999788 -0.020586 0.000138 -1.803372 0.000135 0.000146 1.000000 -144.772598
-0.019615 0.999808 -0.000042 95.443716 -0.999808 -0.019615 0.000283 -1.803305 0.000282 0.000047 1.000000 -144.776527
-0.016308 0.999867 -0.000268 94.628364 -0.999867 -0.016308 0.000043 -1.803416 0.000039 0.000269 1.000000 -144.775250
-0.015257 0.999884 -0.000048 93.799126 -0.999884 -0.015257 -0.000284 -1.803565 -0.000285 0.000043 1.000000 -144.775925
-0.013461 0.999909 -0.000253 92.964892 -0.999909 -0.013462 -0.000254 -1.803552 -0.000257 0.000250 1.000000 -144.774057
-0.011696 0.999932 -0.000079 92.140853 -0.999932 -0.011696 0.000081 -1.803397 0.000080 0.000080 1.000000 -144.770930
-0.011185 0.999937 -0.000021 91.329657 -0.999937 -0.011185 0.000301 -1.803296 0.000301 0.000024 1.000000 -144.768167
-0.009265 0.999957 -0.000156 90.517054 -0.999957 -0.009265 0.000112 -1.803383 0.000111 0.000157 1.000000 -144.762323
-0.008667 0.999962 -0.000026 89.691288 -0.999962 -0.008667 -0.000237 -1.803544 -0.000238 0.000024 1.000000 -144.757645
-0.007263 0.999974 -0.000219 88.855931 -0.999974 -0.007263 -0.000332 -1.803587 -0.000333 0.000217 1.000000 -144.750917
-0.005810 0.999983 -0.000064 88.027745 -0.999983 -0.005810 -0.000019 -1.803443 -0.000019 0.000064 1.000000 -144.743227
-0.005463 0.999985 -0.000013 87.213743 -0.999985 -0.005463 0.000279 -1.803306 0.000279 0.000015 1.000000 -144.736044
-0.005135 0.999987 -0.000018 86.402489 -0.999987 -0.005135 0.000187 -1.803348 0.000187 0.000019 1.000000 -144.728410
-0.004928 0.999988 -0.000013 85.579756 -0.999988 -0.004928 -0.000164 -1.803510 -0.000164 0.000012 1.000000 -144.720743
-0.004051 0.999992 -0.000075 84.743814 -0.999992 -0.004051 -0.000372 -1.803605 -0.000372 0.000073 1.000000 -144.711872
-0.003814 0.999993 -0.000008 83.912568 -0.999993 -0.003814 -0.000091 -1.803476 -0.000091 0.000008 1.000000 -144.703556
-0.003357 0.999994 -0.000067 83.095672 -0.999994 -0.003357 0.000247 -1.803321 0.000247 0.000068 1.000000 -144.694548
-0.002888 0.999996 -0.000020 82.284948 -0.999996 -0.002888 0.000244 -1.803322 0.000244 0.000021 1.000000 -144.685250
-0.002760 0.999996 -0.000006 81.464742 -0.999996 -0.002760 -0.000095 -1.803478 -0.000095 0.000006 1.000000 -144.676214
-0.002203 0.999998 -0.000046 80.628852 -0.999997 -0.002203 -0.000390 -1.803614 -0.000390 0.000045 1.000000 -144.666379
-0.002043 0.999998 -0.000006 79.795155 -0.999998 -0.002043 -0.000151 -1.803504 -0.000151 0.000006 1.000000 -144.656907
-0.001633 0.999999 -0.000033 78.976263 -0.999999 -0.001633 0.000226 -1.803331 0.000226 0.000033 1.000000 -144.646843
-0.001489 0.999999 -0.000005 78.167158 -0.999999 -0.001489 0.000313 -1.803290 0.000313 0.000006 1.000000 -144.637014
-0.001263 0.999999 -0.000032 77.351787 -0.999999 -0.001263 0.000011 -1.803429 0.000010 0.000032 1.000000 -144.626998
-0.001043 0.999999 -0.000010 76.521662 -0.999999 -0.001043 -0.000321 -1.803582 -0.000321 0.000010 1.000000 -144.616922
-0.000976 1.000000 -0.000004 75.687678 -0.999999 -0.000976 -0.000253 -1.803550 -0.000253 0.000003 1.000000 -144.607019
-0.000733 1.000000 -0.000020 74.864606 -1.000000 -0.000733 0.000097 -1.803390 0.000097 0.000020 1.000000 -144.596806
-0.000654 1.000000 -0.000003 74.053966 -1.000000 -0.000654 0.000301 -1.803296 0.000301 0.000003 1.000000 -144.586837
-0.000523 1.000000 -0.000019 73.241165 -1.000000 -0.000523 0.000093 -1.803391 0.000093 0.000019 1.000000 -144.576795
-0.000395 1.000000 -0.000006 72.414995 -1.000000 -0.000395 -0.000250 -1.803549 -0.000250 0.000006 1.000000 -144.566778
-0.000356 1.000000 -0.000002 71.580234 -1.000000 -0.000356 -0.000320 -1.803581 -0.000320 0.000002 1.000000 -144.556942
-0.000210 1.000000 -0.000012 70.753179 -1.000000 -0.000210 -0.000002 -1.803435 -0.000002 0.000012 1.000000 -144.546957
-0.000165 1.000000 -0.000002 69.940409 -1.000000 -0.000165 0.000290 -1.803301 0.000290 0.000002 1.000000 -144.537193
-0.000087 1.000000 -0.000011 69.129816 -1.000000 -0.000087 0.000180 -1.803351 0.000180 0.000011 1.000000 -144.527443
-0.000012 1.000000 -0.000003 68.307356 -1.000000 -0.000012 -0.000177 -1.803516 -0.000177 0.000003 1.000000 -144.517801
0.000012 1.000000 -0.000001 67.471734 -1.000000 0.000012 -0.000379 -1.803609 -0.000379 0.000001 1.000000 -144.508334
0.000099 1.000000 -0.000007 66.641070 -1.000000 0.000099 -0.000089 -1.803475 -0.000089 0.000007 1.000000 -144.498848
0.000125 1.000000 -0.000001 65.824947 -1.000000 0.000125 0.000251 -1.803319 0.000251 0.000001 1.000000 -144.489578
0.000172 1.000000 -0.000006 65.014869 -1.000000 0.000172 0.000244 -1.803322 0.000244 0.000006 1.000000 -144.480390
0.000216 1.000000 -0.000002 64.195196 -1.000000 0.000216 -0.000099 -1.803480 -0.000099 0.000002 1.000000 -144.471336
0.000250 1.000000 -0.000005 63.359799 -1.000000 0.000250 -0.000394 -1.803615 -0.000394 0.000005 1.000000 -144.462435
0.000285 1.000000 -0.000002 62.526692 -1.000000 0.000285 -0.000151 -1.803504 -0.000151 0.000002 1.000000 -144.453646
0.000295 1.000000 -0.000001 61.708542 -1.000000 0.000295 0.000228 -1.803329 0.000228 0.000000 1.000000 -144.445052
0.000330 1.000000 -0.000003 60.900248 -1.000000 0.000330 0.000315 -1.803289 0.000315 0.000003 1.000000 -144.436610
0.000343 1.000000 -0.000000 60.085704 -1.000000 0.000343 0.000012 -1.803429 0.000012 0.000000 1.000000 -144.428372
0.000363 1.000000 -0.000003 59.256430 -1.000000 0.000363 -0.000321 -1.803582 -0.000321 0.000003 1.000000 -144.420281
0.000383 1.000000 -0.000001 58.423181 -1.000000 0.000383 -0.000256 -1.803552 -0.000256 0.000001 1.000000 -144.412388
0.000389 1.000000 -0.000001 57.600816 -1.000000 0.000389 0.000094 -1.803391 0.000094 0.000001 1.000000 -144.404729
0.000412 1.000000 -0.000002 56.791008 -1.000000 0.000412 0.000302 -1.803295 0.000302 0.000002 1.000000 -144.397201
0.000418 1.000000 -0.000000 55.979208 -1.000000 0.000418 0.000097 -1.803390 0.000097 0.000000 1.000000 -144.389917
0.000430 1.000000 -0.000001 55.154066 -1.000000 0.000430 -0.000248 -1.803548 -0.000248 0.000001 1.000000 -144.382790
0.000439 1.000000 -0.000000 54.320160 -1.000000 0.000439 -0.000323 -1.803583 -0.000323 0.000000 1.000000 -144.375902
0.000441 1.000000 -0.000000 53.493860 -1.000000 0.000441 -0.000006 -1.803437 -0.000006 0.000000 1.000000 -144.369240
0.000451 1.000000 -0.000001 52.681863 -1.000000 0.000451 0.000288 -1.803302 0.000288 0.000001 1.000000 -144.362797
0.000453 1.000000 -0.000000 51.872195 -1.000000 0.000453 0.000182 -1.803351 0.000182 -0.000000 1.000000 -144.356607
0.000459 1.000000 -0.000001 51.050773 -1.000000 0.000459 -0.000175 -1.803514 -0.000175 0.000001 1.000000 -144.350659
0.000466 1.000000 -0.000000 50.216241 -1.000000 0.000466 -0.000377 -1.803608 -0.000377 0.000000 1.000000 -144.344944
0.000466 1.000000 -0.000000 49.386651 -1.000000 0.000466 -0.000089 -1.803475 -0.000089 0.000000 1.000000 -144.339481
0.000475 1.000000 -0.000001 48.571583 -1.000000 0.000475 0.000250 -1.803319 0.000250 0.000001 1.000000 -144.334292
0.000478 1.000000 -0.000000 47.762612 -1.000000 0.000478 0.000243 -1.803322 0.000243 0.000000 1.000000 -144.329365
0.000484 1.000000 -0.000001 46.944072 -1.000000 0.000484 -0.000098 -1.803479 -0.000098 0.000001 1.000000 -144.324691
0.000491 1.000000 -0.000000 46.109846 -1.000000 0.000491 -0.000393 -1.803615 -0.000393 0.000000 1.000000 -144.320304
0.000494 1.000000 -0.000000 45.277955 -1.000000 0.000494 -0.000151 -1.803504 -0.000151 0.000000 1.000000 -144.316180
0.000499 1.000000 -0.000001 44.461023 -1.000000 0.000499 0.000228 -1.803329 0.000228 0.000001 1.000000 -144.312354
0.000503 1.000000 -0.000000 43.653978 -1.000000 0.000503 0.000315 -1.803289 0.000315 0.000000 1.000000 -144.308815
0.000509 1.000000 -0.000000 42.840709 -1.000000 0.000509 0.000012 -1.803429 0.000012 0.000000 1.000000 -144.305553
0.000515 1.000000 -0.000000 42.012728 -1.000000 0.000515 -0.000321 -1.803582 -0.000321 0.000000 1.000000 -144.302589
0.000519 1.000000 -0.000000 41.180805 -1.000000 0.000519 -0.000256 -1.803552 -0.000256 0.000001 1.000000 -144.299927
0.000523 1.000000 -0.000000 40.359801 -1.000000 0.000523 0.000095 -1.803391 0.000095 0.000000 1.000000 -144.297588
0.000527 1.000000 -0.000001 39.551376 -1.000000 0.000527 0.000302 -1.803295 0.000302 0.000000 1.000000 -144.295546
0.000531 1.000000 -0.000000 38.740959 -1.000000 0.000531 0.000097 -1.803390 0.000097 0.000000 1.000000 -144.293821
0.000534 1.000000 -0.000000 37.917244 -1.000000 0.000534 -0.000248 -1.803548 -0.000248 0.000000 1.000000 -144.292357
0.000533 1.000000 0.000000 37.084795 -1.000000 0.000533 -0.000323 -1.803582 -0.000323 0.000000 1.000000 -144.291220
0.000531 1.000000 0.000000 36.260001 -1.000000 0.000531 -0.000005 -1.803437 -0.000005 -0.000000 1.000000 -144.290491
0.000533 1.000000 -0.000000 35.449535 -1.000000 0.000533 0.000288 -1.803302 0.000288 0.000000 1.000000 -144.290039
0.000534 1.000000 -0.000000 34.641410 -1.000000 0.000534 0.000182 -1.803351 0.000182 0.000000 1.000000 -144.289973
0.000537 1.000000 0.000000 33.821549 -1.000000 0.000537 -0.000175 -1.803514 -0.000175 0.000000 1.000000 -144.290193
0.000534 1.000000 0.000001 32.988612 -1.000000 0.000534 -0.000378 -1.803608 -0.000378 -0.000001 1.000000 -144.290780
0.000533 1.000000 -0.000000 32.160638 -1.000000 0.000533 -0.000089 -1.803475 -0.000089 0.000000 1.000000 -144.291724
0.000533 1.000000 -0.000000 31.347209 -1.000000 0.000533 0.000250 -1.803319 0.000250 0.000000 1.000000 -144.293074
0.000533 1.000000 -0.000000 30.539895 -1.000000 0.000533 0.000243 -1.803322 0.000243 0.000000 1.000000 -144.294805
0.000536 1.000000 -0.000000 29.723055 -1.000000 0.000536 -0.000098 -1.803479 -0.000098 0.000000 1.000000 -144.296815
0.000534 1.000000 0.000001 28.890547 -1.000000 0.000534 -0.000393 -1.803615 -0.000393 -0.000001 1.000000 -144.299217
0.000551 0.999997 0.002359 28.061894 -1.000000 0.000549 0.000650 -1.804481 0.000648 -0.002360 0.999997 -144.305722
0.000896 1.000000 0.000117 27.245429 -1.000000 0.000896 0.000440 -1.803879 0.000440 -0.000118 1.000000 -144.305638
0.001563 0.999999 -0.000095 26.438825 -0.999999 0.001563 0.000281 -1.803344 0.000281 0.000095 1.000000 -144.309057
0.002055 0.999998 -0.000031 25.625205 -0.999998 0.002055 -0.000050 -1.803352 -0.000050 0.000031 1.000000 -144.314016
0.002227 0.999997 0.000913 24.796423 -0.999997 0.002228 -0.001202 -1.804601 -0.001204 -0.000910 0.999999 -144.320838
0.001915 0.999998 -0.000046 23.968136 -0.999998 0.001915 -0.000299 -1.803689 -0.000299 0.000047 1.000000 -144.324372
0.001583 0.999999 -0.000083 23.152439 -0.999999 0.001583 0.000212 -1.803300 0.000212 0.000083 1.000000 -144.329184
0.001310 0.999999 -0.000046 22.344840 -0.999999 0.001310 0.000288 -1.803248 0.000288 0.000046 1.000000 -144.334531
0.001150 0.999999 -0.000026 21.529265 -0.999999 0.001150 -0.000029 -1.803412 -0.000029 0.000026 1.000000 -144.340266
0.001015 0.999999 -0.000010 20.700932 -0.999999 0.001015 -0.000290 -1.803551 -0.000290 0.000011 1.000000 -144.346484
0.000922 1.000000 -0.000007 19.874240 -1.000000 0.000922 -0.000117 -1.803482 -0.000117 0.000007 1.000000 -144.353175
0.000868 1.000000 -0.000006 19.060568 -1.000000 0.000868 0.000204 -1.803339 0.000204 0.000006 1.000000 -144.360313
0.000813 1.000000 -0.000003 18.251924 -1.000000 0.000813 0.000195 -1.803345 0.000195 0.000003 1.000000 -144.367964
0.000788 1.000000 -0.000005 17.433009 -1.000000 0.000788 -0.000129 -1.803494 -0.000129 0.000005 1.000000 -144.376040
0.000744 1.000000 -0.000002 16.603712 -1.000000 0.000744 -0.000282 -1.803564 -0.000282 0.000002 1.000000 -144.384606
0.000730 1.000000 -0.000004 15.780723 -1.000000 0.000730 -0.000017 -1.803442 -0.000017 0.000004 1.000000 -144.393592
0.000717 1.000000 -0.000004 14.970539 -1.000000 0.000717 0.000250 -1.803320 0.000250 0.000004 1.000000 -144.403063
0.000715 1.000000 -0.000004 14.160872 -1.000000 0.000715 0.000124 -1.803377 0.000124 0.000004 1.000000 -144.412992
0.000699 1.000000 -0.000004 13.338964 -1.000000 0.000699 -0.000203 -1.803528 -0.000203 0.000004 1.000000 -144.423384
0.000691 1.000000 -0.000004 12.510723 -1.000000 0.000691 -0.000236 -1.803543 -0.000236 0.000004 1.000000 -144.434259
0.000686 1.000000 -0.000004 11.691893 -1.000000 0.000686 0.000068 -1.803403 0.000068 0.000004 1.000000 -144.445605
0.000677 1.000000 -0.000004 10.883413 -1.000000 0.000677 0.000239 -1.803324 0.000239 0.000004 1.000000 -144.457442
0.000678 1.000000 -0.000005 10.070854 -1.000000 0.000678 0.000024 -1.803423 0.000024 0.000005 1.000000 -144.469744
0.000665 1.000000 -0.000004 9.245946 -1.000000 0.000665 -0.000252 -1.803550 -0.000252 0.000004 1.000000 -144.482546
0.000663 1.000000 -0.000004 8.420149 -1.000000 0.000663 -0.000149 -1.803502 -0.000149 0.000004 1.000000 -144.495821
0.000657 1.000000 -0.000004 7.605976 -1.000000 0.000657 0.000158 -1.803362 0.000158 0.000004 1.000000 -144.509619
0.000655 1.000000 -0.000005 6.798148 -1.000000 0.000655 0.000198 -1.803343 0.000198 0.000004 1.000000 -144.523914
0.000655 1.000000 -0.000005 5.981568 -1.000000 0.000655 -0.000095 -1.803478 -0.000095 0.000005 1.000000 -144.538711
0.000647 1.000000 -0.000004 5.154810 -1.000000 0.000647 -0.000260 -1.803554 -0.000260 0.000004 1.000000 -144.554012
0.000649 1.000000 -0.000005 4.333245 -1.000000 0.000649 -0.000030 -1.803448 -0.000030 0.000005 1.000000 -144.569822
0.000645 1.000000 -0.000004 3.523662 -1.000000 0.000645 0.000225 -1.803331 0.000225 0.000004 1.000000 -144.586146
0.000647 1.000000 -0.000005 2.714861 -1.000000 0.000647 0.000115 -1.803381 0.000115 0.000005 1.000000 -144.603002
0.000643 1.000000 -0.000005 1.894323 -1.000000 0.000643 -0.000195 -1.803524 -0.000195 0.000005 1.000000 -144.620379
0.000639 1.000000 -0.000004 1.068356 -1.000000 0.000639 -0.000213 -1.803532 -0.000213 0.000004 1.000000 -144.638250
0.000640 1.000000 -0.000005 0.251841 -1.000000 0.000640 0.000080 -1.803398 0.000080 0.000005 1.000000 -144.656666
0.000638 1.000000 -0.000005 -0.555245 -1.000000 0.000638 0.000225 -1.803331 0.000225 0.000004 1.000000 -144.675629
0.000642 1.000000 -0.000005 -1.367220 -1.000000 0.000642 -0.000001 -1.803435 -0.000001 0.000005 1.000000 -144.695144
0.000637 1.000000 -0.000005 -2.190712 -1.000000 0.000637 -0.000245 -1.803547 -0.000245 0.000005 1.000000 -144.715169
0.000637 1.000000 -0.000004 -3.013546 -1.000000 0.000637 -0.000115 -1.803487 -0.000115 0.000004 1.000000 -144.735737
0.000635 1.000000 -0.000005 -3.825085 -1.000000 0.000635 0.000167 -1.803357 0.000167 0.000005 1.000000 -144.756869
0.000638 1.000000 -0.000005 -4.632088 -1.000000 0.000638 0.000164 -1.803359 0.000164 0.000005 1.000000 -144.778551
0.000637 1.000000 -0.000005 -5.448586 -1.000000 0.000637 -0.000125 -1.803492 -0.000125 0.000005 1.000000 -144.800789
0.000635 1.000000 -0.000004 -6.272999 -1.000000 0.000635 -0.000229 -1.803540 -0.000229 0.000005 1.000000 -144.823569
0.000636 1.000000 -0.000005 -7.090794 -1.000000 0.000636 0.000013 -1.803428 0.000013 0.000005 1.000000 -144.846926
0.000634 1.000000 -0.000005 -7.898288 -1.000000 0.000634 0.000210 -1.803338 0.000210 0.000005 1.000000 -144.870849
0.000638 1.000000 -0.000005 -8.707656 -1.000000 0.000638 0.000052 -1.803410 0.000052 0.000005 1.000000 -144.895356
0.000634 1.000000 -0.000005 -9.528264 -1.000000 0.000634 -0.000213 -1.803532 -0.000213 0.000005 1.000000 -144.920404
0.000634 1.000000 -0.000004 -10.350606 -1.000000 0.000634 -0.000147 -1.803502 -0.000147 0.000004 1.000000 -144.946042
0.000633 1.000000 -0.000005 -11.162729 -1.000000 0.000633 0.000128 -1.803375 0.000128 0.000005 1.000000 -144.972260
0.000636 1.000000 -0.000005 -11.968634 -1.000000 0.000636 0.000180 -1.803352 0.000180 0.000005 1.000000 -144.999074
0.000636 1.000000 -0.000005 -12.782300 -1.000000 0.000636 -0.000083 -1.803472 -0.000083 0.000005 1.000000 -145.026443
0.000633 1.000000 -0.000005 -13.604896 -1.000000 0.000633 -0.000229 -1.803539 -0.000229 0.000005 1.000000 -145.054416
0.000635 1.000000 -0.000005 -14.422634 -1.000000 0.000635 -0.000022 -1.803445 -0.000022 0.000005 1.000000 -145.082964
0.000633 1.000000 -0.000005 -15.229907 -1.000000 0.000633 0.000196 -1.803344 0.000196 0.000005 1.000000 -145.112138
0.000639 1.000000 -0.000005 -16.037291 -1.000000 0.000639 0.000080 -1.803397 0.000080 0.000005 1.000000 -145.141893
0.000635 1.000000 -0.000005 -16.855511 -1.000000 0.000635 -0.000191 -1.803522 -0.000191 0.000005 1.000000 -145.172249
0.000634 1.000000 -0.000004 -17.676844 -1.000000 0.000634 -0.000164 -1.803509 -0.000164 0.000005 1.000000 -145.203192
0.000633 1.000000 -0.000005 -18.488750 -1.000000 0.000633 0.000103 -1.803387 0.000103 0.000005 1.000000 -145.234757
0.000635 1.000000 -0.000005 -19.293571 -1.000000 0.000635 0.000186 -1.803349 0.000186 0.000005 1.000000 -145.266946
0.000637 1.000000 -0.000005 -20.105010 -1.000000 0.000637 -0.000057 -1.803460 -0.000057 0.000005 1.000000 -145.299731
0.000634 1.000000 -0.000005 -20.925838 -1.000000 0.000634 -0.000225 -1.803538 -0.000225 0.000005 1.000000 -145.333130
0.000636 1.000000 -0.000005 -21.742875 -1.000000 0.000636 -0.000043 -1.803454 -0.000043 0.000005 1.000000 -145.367131
0.000634 1.000000 -0.000005 -22.549505 -1.000000 0.000634 0.000184 -1.803350 0.000184 0.000005 1.000000 -145.401782
0.000638 1.000000 -0.000005 -23.355254 -1.000000 0.000638 0.000095 -1.803391 0.000095 0.000005 1.000000 -145.437040
0.000636 1.000000 -0.000005 -24.171446 -1.000000 0.000636 -0.000176 -1.803515 -0.000176 0.000005 1.000000 -145.472922
0.000635 1.000000 -0.000004 -24.991442 -1.000000 0.000635 -0.000170 -1.803513 -0.000170 0.000005 1.000000 -145.509415
0.000634 1.000000 -0.000005 -25.802569 -1.000000 0.000634 0.000088 -1.803394 0.000088 0.000005 1.000000 -145.546553
0.000635 1.000000 -0.000005 -26.606288 -1.000000 0.000635 0.000185 -1.803349 0.000185 0.000005 1.000000 -145.584338
0.000639 1.000000 -0.000012 -27.415682 -1.000000 0.000639 0.000111 -1.803649 0.000111 0.000012 1.000000 -145.622741
0.000634 1.000000 -0.000009 -28.233990 -1.000000 0.000634 0.000360 -1.804377 0.000360 0.000009 1.000000 -145.661765
0.000636 1.000000 -0.000008 -29.049109 -0.999999 0.000636 0.000970 -1.805062 0.000970 0.000007 1.000000 -145.701443
0.000635 1.000000 -0.000005 -29.854227 -0.999999 0.000635 0.001607 -1.805692 0.001607 0.000004 0.999999 -145.741775
0.000637 1.000000 -0.000004 -30.658478 -0.999998 0.000637 0.001648 -1.806762 0.001648 0.000003 0.999999 -145.782750
0.000636 1.000000 -0.000005 -31.472813 -0.999999 0.000636 0.001342 -1.808140 0.001342 0.000004 0.999999 -145.824339
0.000634 1.000000 -0.000005 -32.291093 -0.999999 0.000634 0.001293 -1.809408 0.001293 0.000004 0.999999 -145.866574
0.000634 1.000000 -0.000005 -33.101081 -0.999999 0.000634 0.001511 -1.810515 0.001511 0.000004 0.999999 -145.909471
0.000635 1.000000 -0.000006 -33.903904 -0.999999 0.000635 0.001597 -1.811650 0.001597 0.000005 0.999999 -145.953019
0.000641 1.000000 0.000003 -34.711675 -0.999999 0.000641 0.001604 -1.813190 0.001604 -0.000004 0.999999 -145.997248
0.000635 1.000000 -0.000001 -35.527099 -0.999997 0.000635 0.002257 -1.815665 0.002257 -0.000001 0.999997 -146.042085
0.000634 1.000000 -0.000005 -36.339713 -0.999994 0.000634 0.003294 -1.818285 0.003294 0.000003 0.999995 -146.087576
0.000632 1.000000 -0.000007 -37.143384 -0.999990 0.000632 0.004333 -1.820825 0.004333 0.000005 0.999991 -146.133738
0.000636 1.000000 -0.000001 -37.946598 -0.999989 0.000636 0.004607 -1.823962 0.004607 -0.000002 0.999989 -146.180574
0.000635 1.000000 -0.000004 -38.758939 -0.999991 0.000635 0.004300 -1.827737 0.004300 0.000002 0.999991 -146.228053
0.000634 1.000000 -0.000006 -39.574655 -0.999991 0.000634 0.004200 -1.831454 0.004200 0.000003 0.999991 -146.276177
0.000633 1.000000 -0.000007 -40.383214 -0.999990 0.000633 0.004353 -1.834973 0.004353 0.000004 0.999991 -146.324979
0.000633 1.000000 -0.000007 -41.185831 -0.999990 0.000633 0.004407 -1.838466 0.004407 0.000005 0.999990 -146.374443
0.000637 1.000000 -0.000022 -41.992749 -0.999990 0.000637 0.004363 -1.842232 0.004363 0.000019 0.999990 -146.424571
0.000634 1.000000 -0.000018 -42.805388 -0.999987 0.000634 0.005013 -1.846954 0.005013 0.000015 0.999987 -146.475349
0.000635 1.000000 -0.000015 -43.615406 -0.999982 0.000635 0.006025 -1.851912 0.006025 0.000011 0.999982 -146.526823
0.000634 1.000000 -0.000013 -44.418464 -0.999975 0.000634 0.007024 -1.856808 0.007024 0.000009 0.999975 -146.578950
0.000636 1.000000 -0.000017 -45.221642 -0.999972 0.000636 0.007408 -1.862154 0.007408 0.000012 0.999973 -146.631744
0.000636 1.000000 -0.000014 -46.031896 -0.999974 0.000636 0.007179 -1.868216 0.007179 0.000009 0.999974 -146.685207
0.000634 1.000000 -0.000012 -46.844084 -0.999975 0.000634 0.007088 -1.874275 0.007088 0.000007 0.999975 -146.739340
0.000634 1.000000 -0.000011 -47.650864 -0.999974 0.000634 0.007177 -1.880165 0.007177 0.000006 0.999974 -146.794142
0.000636 1.000000 -0.000010 -48.453966 -0.999974 0.000636 0.007189 -1.886016 0.007189 0.000006 0.999974 -146.849616
0.000640 1.000000 -0.000022 -49.260460 -0.999974 0.000640 0.007129 -1.892023 0.007129 0.000018 0.999975 -146.905746
0.000634 1.000000 -0.000022 -50.069777 -0.999969 0.000634 0.007786 -1.898951 0.007786 0.000017 0.999970 -146.962562
0.000633 1.000000 -0.000017 -50.876598 -0.999961 0.000634 0.008764 -1.906235 0.008764 0.000012 0.999962 -147.020036
0.000633 1.000000 -0.000015 -51.679311 -0.999953 0.000633 0.009701 -1.913504 0.009701 0.000009 0.999953 -147.078212
0.000632 1.000000 -0.000007 -52.482885 -0.999948 0.000632 0.010193 -1.921079 0.010193 0.000001 0.999948 -147.137077
0.000633 1.000000 -0.000009 -53.290900 -0.999949 0.000633 0.010065 -1.929407 0.010065 0.000003 0.999949 -147.196569
0.000634 1.000000 -0.000011 -54.099322 -0.999950 0.000634 0.009981 -1.937795 0.009981 0.000004 0.999950 -147.256749
0.000634 1.000000 -0.000011 -54.904455 -0.999950 0.000634 0.009998 -1.946059 0.009998 0.000005 0.999950 -147.317603
0.000636 1.000000 -0.000012 -55.708055 -0.999950 0.000636 0.009972 -1.954279 0.009972 0.000005 0.999950 -147.379129
0.000637 1.000000 -0.000009 -56.513787 -0.999951 0.000637 0.009903 -1.962534 0.009903 0.000003 0.999951 -147.441329
0.000635 1.000000 -0.000009 -57.320510 -0.999948 0.000635 0.010207 -1.971198 0.010207 0.000002 0.999948 -147.504202
0.000633 1.000000 -0.000011 -58.125340 -0.999943 0.000633 0.010703 -1.980077 0.010703 0.000004 0.999943 -147.567747
0.000634 1.000000 -0.000012 -58.928229 -0.999937 0.000634 0.011166 -1.988970 0.011166 0.000005 0.999938 -147.631949
0.000633 1.000000 -0.000010 -59.731922 -0.999934 0.000633 0.011446 -1.997973 0.011446 0.000002 0.999934 -147.696854
0.000633 1.000000 -0.000011 -60.537695 -0.999935 0.000633 0.011406 -2.007371 0.011406 0.000004 0.999935 -147.762414
0.000633 1.000000 -0.000012 -61.343150 -0.999935 0.000633 0.011374 -2.016818 0.011374 0.000005 0.999935 -147.828631
0.000633 1.000000 -0.000013 -62.146821 -0.999935 0.000633 0.011376 -2.026210 0.011376 0.000005 0.999935 -147.895533
0.000634 1.000000 -0.000013 -62.950054 -0.999935 0.000634 0.011350 -2.035586 0.011350 0.000006 0.999936 -147.963105
0.000633 1.000000 -0.000013 -63.754439 -0.999936 0.000633 0.011308 -2.044968 0.011308 0.000006 0.999936 -148.031330
0.000631 1.000000 -0.000013 -64.559188 -0.999936 0.000631 0.011302 -2.054330 0.011302 0.000006 0.999936 -148.100239
0.000632 1.000000 -0.000013 -65.362793 -0.999936 0.000632 0.011332 -2.063662 0.011332 0.000006 0.999936 -148.169815
0.000632 1.000000 -0.000013 -66.165461 -0.999935 0.000632 0.011341 -2.072994 0.011341 0.000006 0.999936 -148.240072
0.000632 1.000000 -0.000013 -66.968650 -0.999936 0.000632 0.011318 -2.082350 0.011318 0.000006 0.999936 -148.310964
0.000633 1.000000 -0.000013 -67.772488 -0.999936 0.000633 0.011303 -2.091711 0.011303 0.000006 0.999936 -148.382550
0.000634 1.000000 -0.000013 -68.575795 -0.999936 0.000634 0.011319 -2.101053 0.011319 0.000006 0.999936 -148.454784
0.000635 1.000000 -0.000013 -69.378128 -0.999936 0.000635 0.011337 -2.110386 0.011337 0.000006 0.999936 -148.527679
0.000634 1.000000 -0.000013 -70.180395 -0.999936 0.000634 0.011327 -2.119733 0.011327 0.000006 0.999936 -148.601219
0.000633 1.000000 -0.000013 -70.983230 -0.999936 0.000633 0.011309 -2.129091 0.011309 0.000006 0.999936 -148.675433
0.000632 1.000000 -0.000013 -71.786015 -0.999936 0.000632 0.011313 -2.138441 0.011313 0.000006 0.999936 -148.750304
0.000633 1.000000 -0.000013 -72.588018 -0.999936 0.000633 0.011329 -2.147779 0.011329 0.000006 0.999936 -148.825830
0.000632 1.000000 -0.000013 -73.389606 -0.999936 0.000632 0.011330 -2.157120 0.011330 0.000006 0.999936 -148.902010
0.000632 1.000000 -0.000013 -74.191489 -0.999936 0.000632 0.011317 -2.166473 0.011317 0.000006 0.999936 -148.978842
0.000632 1.000000 -0.000013 -74.993560 -0.999936 0.000632 0.011312 -2.175826 0.011312 0.000006 0.999936 -149.056325
0.000632 1.000000 -0.000013 -75.795171 -0.999936 0.000632 0.011323 -2.185169 0.011323 0.000006 0.999936 -149.134455
0.000633 1.000000 -0.000013 -76.596232 -0.999936 0.000634 0.011330 -2.194509 0.011330 0.000006 0.999936 -149.213232
0.000633 1.000000 -0.000013 -77.397292 -0.999936 0.000633 0.011322 -2.203858 0.011322 0.000006 0.999936 -149.292653
0.000632 1.000000 -0.000013 -78.198557 -0.999936 0.000632 0.011314 -2.213211 0.011314 0.000006 0.999936 -149.372701
0.000632 1.000000 -0.000013 -78.999617 -0.999936 0.000632 0.011319 -2.222557 0.011319 0.000006 0.999936 -149.453420
0.000632 1.000000 -0.000013 -79.800197 -0.999936 0.000632 0.011327 -2.231898 0.011327 0.000006 0.999936 -149.534760
0.000632 1.000000 -0.000013 -80.600558 -0.999936 0.000632 0.011325 -2.241244 0.011325 0.000006 0.999936 -149.616736
0.000633 1.000000 -0.000013 -81.401042 -0.999936 0.000633 0.011317 -2.250594 0.011317 0.000006 0.999936 -149.699329
0.000632 1.000000 -0.000013 -82.201491 -0.999936 0.000632 0.011317 -2.259944 0.011317 0.000006 0.999936 -149.782567
0.000632 1.000000 -0.000013 -83.001570 -0.999936 0.000632 0.011323 -2.269287 0.011323 0.000006 0.999936 -149.866433
0.000632 1.000000 -0.000013 -83.801324 -0.999936 0.000632 0.011325 -2.278631 0.011325 0.000006 0.999936 -149.950938
0.000633 1.000000 -0.000013 -84.601076 -0.999936 0.000633 0.011320 -2.287980 0.011320 0.000006 0.999936 -150.036036
0.003567 0.999994 -0.000342 -85.400695 -0.999930 0.003571 0.011319 -2.297327 0.011320 0.000301 0.999936 -150.116670
0.004153 0.999991 -0.000103 -86.200192 -0.999927 0.004154 0.011320 -2.306673 0.011320 0.000056 0.999936 -150.200271
0.007608 0.999971 -0.000836 -86.999168 -0.999907 0.007617 0.011326 -2.316010 0.011332 0.000750 0.999936 -150.278641
0.013655 0.999907 -0.000645 -87.797436 -0.999843 0.013662 0.011321 -2.325348 0.011329 0.000490 0.999936 -150.351212
0.018335 0.999831 -0.001166 -88.596284 -0.999768 0.018347 0.011296 -2.334699 0.011315 0.000959 0.999936 -150.421979
0.027711 0.999615 -0.001246 -89.394363 -0.999552 0.027724 0.011283 -2.344036 0.011313 0.000933 0.999936 -150.481646
0.031418 0.999506 -0.000915 -90.193063 -0.999443 0.031427 0.011268 -2.353373 0.011292 0.000560 0.999936 -150.544491
0.043936 0.999032 -0.002176 -90.989126 -0.998969 0.043958 0.011362 -2.362795 0.011446 0.001675 0.999933 -150.588951
0.051702 0.998662 -0.001346 -91.785522 -0.998596 0.051714 0.011465 -2.372378 0.011519 0.000751 0.999933 -150.634264
0.059840 0.998206 -0.001979 -92.581938 -0.998138 0.059859 0.011723 -2.382139 0.011820 0.001274 0.999929 -150.671713
0.073965 0.997259 -0.002130 -93.376522 -0.997190 0.073985 0.011765 -2.391436 0.011891 0.001254 0.999929 -150.693405
0.084931 0.996384 -0.002367 -94.170533 -0.996316 0.084953 0.011725 -2.401604 0.011883 0.001362 0.999928 -150.710370
0.101354 0.994847 -0.002557 -94.961905 -0.994779 0.101377 0.011736 -2.411042 0.011935 0.001354 0.999928 -150.709495
0.111053 0.993813 -0.001958 -95.754735 -0.993745 0.111069 0.011619 -2.421115 0.011765 0.000656 0.999931 -150.707775
0.128203 0.991743 -0.003226 -96.542868 -0.991675 0.128232 0.011671 -2.430828 0.011989 0.001702 0.999927 -150.684805
0.141526 0.989932 -0.002451 -97.330570 -0.989864 0.141545 0.011601 -2.440462 0.011831 0.000785 0.999930 -150.656878
0.153298 0.988176 -0.002978 -98.116834 -0.988108 0.153322 0.011588 -2.450578 0.011908 0.001166 0.999928 -150.619793
0.171484 0.985181 -0.003273 -98.898709 -0.985115 0.171511 0.011548 -2.459997 0.011939 0.001244 0.999928 -150.562925
0.185955 0.982552 -0.003523 -99.679637 -0.982487 0.185983 0.011367 -2.470108 0.011824 0.001347 0.999929 -150.498753
0.205723 0.978603 -0.003815 -100.454942 -0.978537 0.205753 0.011446 -2.479727 0.011985 0.001378 0.999927 -150.414209
0.218018 0.975940 -0.003119 -101.231370 -0.975873 0.218040 0.011393 -2.489543 0.011799 0.000560 0.999930 -150.327097
0.237000 0.971499 -0.004474 -101.999973 -0.971436 0.237036 0.011247 -2.499534 0.011986 0.001680 0.999927 -150.217820
0.252386 0.967619 -0.003737 -102.766954 -0.967553 0.252413 0.011349 -2.509008 0.011925 0.000751 0.999929 -150.101509
0.265479 0.964107 -0.004233 -103.531804 -0.964044 0.265511 0.011117 -2.519190 0.011841 0.001129 0.999929 -149.975307
0.284989 0.958520 -0.004640 -104.288870 -0.958456 0.285024 0.011130 -2.528710 0.011991 0.001276 0.999927 -149.828330
0.300501 0.953770 -0.004771 -105.044173 -0.953708 0.300536 0.010890 -2.538606 0.011821 0.001278 0.999929 -149.673327
0.321077 0.947039 -0.005206 -105.790620 -0.946977 0.321116 0.010896 -2.548532 0.011991 0.001431 0.999927 -149.497356
0.334044 0.942547 -0.004444 -106.537793 -0.942482 0.334073 0.011032 -2.558089 0.011883 0.000503 0.999929 -149.318264
0.353222 0.935522 -0.005787 -107.274311 -0.935464 0.353266 0.010551 -2.568241 0.011916 0.001687 0.999928 -149.117247
0.368927 0.929444 -0.005156 -108.007577 -0.929381 0.368962 0.010843 -2.577736 0.011980 0.000791 0.999928 -148.908719
