-0.999743 -0.022610 -0.001330 132.784409 0.022610 -0.999744 0.000030 -1.803884 -0.001330 0.000000 0.999999 -102.308601
-0.999743 -0.022610 -0.001410 132.793119 0.022610 -0.999744 0.000032 -1.803921 -0.001411 0.000000 0.999999 -102.693496
-0.999743 -0.022612 -0.001480 132.802662 0.022612 -0.999744 0.000034 -1.803953 -0.001481 0.000000 0.999999 -103.113882
-0.999743 -0.022612 -0.001496 132.813009 0.022612 -0.999744 0.000034 -1.803961 -0.001497 0.000000 0.999999 -103.568866
-0.999743 -0.022614 -0.001473 132.824098 0.022614 -0.999744 0.000034 -1.803950 -0.001473 0.000000 0.999999 -104.056975
-0.999743 -0.022618 -0.001301 132.835868 0.022618 -0.999744 0.000030 -1.804159 -0.001302 0.000000 0.999999 -104.573533
-0.999744 -0.022618 -0.000681 132.847648 0.022618 -0.999744 0.000015 -1.803882 -0.000681 -0.000000 1.000000 -105.089799
-0.999745 -0.022588 -0.000463 132.859590 0.022588 -0.999745 0.000011 -1.803728 -0.000463 0.000000 1.000000 -105.612531
-0.999742 -0.022686 -0.000684 132.872060 0.022686 -0.999743 0.000007 -1.803784 -0.000684 -0.000009 1.000000 -106.155563
-0.999742 -0.022676 -0.000880 132.885059 0.022676 -0.999743 0.000020 -1.803850 -0.000880 0.000000 1.000000 -106.723744
-0.999742 -0.022683 -0.001094 132.898495 0.022683 -0.999743 0.000043 -1.803939 -0.001095 0.000018 0.999999 -107.320028
-0.999750 -0.022340 -0.000952 132.912809 0.022340 -0.999750 0.000019 -1.803871 -0.000952 -0.000002 1.000000 -107.937096
-0.999753 -0.022174 -0.001147 132.927713 0.022174 -0.999754 0.000019 -1.803959 -0.001147 -0.000006 0.999999 -108.572399
-0.999746 -0.022407 -0.002232 132.944335 0.022407 -0.999749 0.000048 -1.804456 -0.002232 -0.000002 0.999998 -109.292548
-0.999743 -0.022569 -0.002329 132.961943 0.022569 -0.999745 0.000053 -1.804501 -0.002329 0.000001 0.999997 -110.063280
-0.999745 -0.022495 -0.001993 132.980338 0.022495 -0.999747 0.000057 -1.804348 -0.001994 0.000012 0.999998 -110.870210
-0.999745 -0.022545 -0.001585 132.999504 0.022545 -0.999746 0.000035 -1.804162 -0.001586 -0.000001 0.999999 -111.705434
-0.999745 -0.022548 -0.000909 133.018818 0.022548 -0.999746 0.000022 -1.803852 -0.000909 0.000002 1.000000 -112.549709
-0.999746 -0.022555 -0.000087 133.037819 0.022555 -0.999746 0.000002 -1.803475 -0.000087 0.000000 1.000000 -113.378993
-0.999745 -0.022561 0.000351 133.056478 0.022561 -0.999745 -0.000008 -1.803273 0.000351 0.000000 1.000000 -114.191644
-0.999745 -0.022564 0.000223 133.075116 0.022564 -0.999745 -0.000005 -1.803332 0.000224 0.000000 1.000000 -115.002904
-0.999818 -0.019075 -0.000161 133.088115 0.019075 -0.999818 0.000689 -1.803514 -0.000174 0.000686 1.000000 -115.827358
-0.999890 -0.014840 -0.000455 133.098438 0.014840 -0.999890 0.000185 -1.803645 -0.000458 0.000178 1.000000 -116.668759
-0.999941 -0.010820 -0.000152 133.105427 0.010820 -0.999941 0.000736 -1.803507 -0.000160 0.000735 1.000000 -117.507558
-1.000000 0.000064 0.000248 133.097776 -0.000063 -1.000000 0.000825 -1.803319 0.000248 0.000825 1.000000 -118.330233
-0.999985 0.005510 0.000294 133.091719 -0.005510 -0.999985 0.000362 -1.803298 0.000296 0.000360 1.000000 -119.145114
-0.999692 0.024799 -0.000020 133.056526 -0.024799 -0.999689 0.002523 -1.803410 0.000043 0.002522 0.999997 -119.964954
-0.998587 0.053139 -0.000407 132.993432 -0.053140 -0.998584 0.002299 -1.803560 -0.000284 0.002317 0.999997 -120.796954
-0.997469 0.071107 -0.000364 132.926210 -0.071108 -0.997468 0.001226 -1.803559 -0.000276 0.001249 0.999999 -121.636014
-0.996523 0.083315 0.000018 132.852754 -0.083315 -0.996523 0.000789 -1.803395 0.000083 0.000785 1.000000 -122.464593
-0.995458 0.095199 0.000253 132.769632 -0.095198 -0.995457 0.001312 -1.803260 0.000377 0.001282 0.999999 -123.276828
-0.991262 0.131904 -0.000155 132.635735 -0.131904 -0.991255 0.003854 -1.803259 0.000355 0.003841 0.999993 -124.075081
-0.986225 0.165406 -0.000507 132.481245 -0.165406 -0.986222 0.002512 -1.803467 -0.000085 0.002562 0.999997 -124.882733
-0.982336 0.187124 -0.000700 132.315347 -0.187124 -0.982335 0.001390 -1.803628 -0.000427 0.001497 0.999999 -125.707672
-0.978540 0.206055 -0.000558 132.134426 -0.206056 -0.978539 0.001695 -1.803522 -0.000197 0.001773 0.999998 -126.529698
-0.971453 0.237233 -0.000412 131.920202 -0.237233 -0.971449 0.002714 -1.803316 0.000244 0.002734 0.999996 -127.326745
-0.965748 0.259483 -0.000114 131.700199 -0.259482 -0.965746 0.001618 -1.803289 0.000310 0.001592 0.999999 -128.114182
-0.957507 0.288410 -0.000820 131.447243 -0.288411 -0.957502 0.002994 -1.803391 0.000078 0.003104 0.999995 -128.896935
-0.947595 0.319472 -0.001039 131.164645 -0.319473 -0.947593 0.002268 -1.803548 -0.000260 0.002481 0.999997 -129.684515
-0.934376 0.356285 -0.001557 130.846910 -0.356288 -0.934369 0.003783 -1.803470 -0.000107 0.004089 0.999992 -130.461040
-0.912834 0.408328 -0.001680 130.481726 -0.408332 -0.912823 0.004425 -1.803289 0.000273 0.004725 0.999989 -131.199364
-0.896082 0.443887 -0.001011 130.104461 -0.443888 -0.896079 0.002553 -1.803322 0.000227 0.002737 0.999996 -131.930822
-0.884046 0.467400 -0.000861 129.710049 -0.467401 -0.884044 0.001516 -1.803456 -0.000053 0.001742 0.999998 -132.664430
-0.873399 0.487003 -0.001107 129.296705 -0.487005 -0.873398 0.001667 -1.803503 -0.000156 0.001995 0.999998 -133.395896
-0.854709 0.519105 -0.001588 128.849933 -0.519107 -0.854704 0.002819 -1.803377 0.000106 0.003234 0.999995 -134.096911
-0.837998 0.545672 -0.001280 128.393384 -0.545674 -0.837994 0.002456 -1.803305 0.000267 0.002757 0.999996 -134.781266
-0.808188 0.588918 -0.002773 127.889336 -0.588924 -0.808177 0.004281 -1.803284 0.000280 0.005093 0.999987 -135.424648
-0.778877 0.627172 -0.002345 127.353226 -0.627176 -0.778872 0.002747 -1.803469 -0.000103 0.003610 0.999993 -136.059190
-0.758641 0.651507 -0.001612 126.798723 -0.651509 -0.758640 0.001425 -1.803565 -0.000295 0.002131 0.999998 -136.697002
-0.744270 0.667878 -0.000884 126.239958 -0.667879 -0.744269 0.001039 -1.803416 0.000036 0.001364 0.999999 -137.320944
-0.724511 0.689261 -0.001699 125.669896 -0.689263 -0.724507 0.002410 -1.803230 0.000431 0.002917 0.999996 -137.908521
-0.702871 0.711316 -0.001398 125.086750 -0.711317 -0.702869 0.001868 -1.803270 0.000346 0.002308 0.999997 -138.474330
-0.685648 0.727931 -0.001610 124.486219 -0.727933 -0.685647 0.001457 -1.803450 -0.000043 0.002171 0.999998 -139.038174
-0.649811 0.760086 -0.003756 123.838836 -0.760096 -0.649804 0.002943 -1.803509 -0.000203 0.004767 0.999989 -139.561443
-0.615627 0.788033 -0.002692 123.171290 -0.788038 -0.615624 0.001868 -1.803509 -0.000185 0.003271 0.999995 -140.067234
-0.593046 0.805167 -0.001463 122.502432 -0.805168 -0.593045 0.001190 -1.803389 0.000090 0.001884 0.999998 -140.561172
-0.574114 0.818774 -0.001481 121.833382 -0.818775 -0.574113 0.001452 -1.803275 0.000339 0.002046 0.999998 -141.032756
-0.536254 0.844049 -0.003507 121.139911 -0.844057 -0.536248 0.002645 -1.803257 0.000352 0.004378 0.999990 -141.451126
-0.503106 0.864221 -0.002504 120.424871 -0.864225 -0.503104 0.001364 -1.803464 -0.000081 0.002850 0.999996 -141.858363
-0.481012 0.876712 -0.001692 119.688353 -0.876714 -0.481012 0.000457 -1.803621 -0.000413 0.001703 0.999998 -142.265842
-0.465488 0.885053 -0.001034 118.949269 -0.885054 -0.465488 0.000384 -1.803498 -0.000141 0.001094 0.999999 -142.663459
-0.442422 0.896804 -0.002243 118.213702 -0.896807 -0.442420 0.001495 -1.803269 0.000348 0.002673 0.999996 -143.024963
-0.417195 0.908816 -0.001711 117.480619 -0.908817 -0.417193 0.001284 -1.803222 0.000453 0.002091 0.999998 -143.360755
-0.384736 0.923020 -0.003437 116.732717 -0.923026 -0.384733 0.001704 -1.803307 0.000251 0.003828 0.999993 -143.664574
-0.338793 0.940853 -0.003850 115.957926 -0.940861 -0.338791 0.001249 -1.803479 -0.000129 0.004045 0.999992 -143.925290
-0.307483 0.951551 -0.002327 115.160411 -0.951553 -0.307484 0.000270 -1.803640 -0.000458 0.002297 0.999997 -144.183426
-0.285931 0.958249 -0.001416 114.360871 -0.958250 -0.285931 0.000245 -1.803511 -0.000170 0.001427 0.999999 -144.429927
-0.267629 0.963521 -0.001580 113.573831 -0.963522 -0.267628 0.000746 -1.803296 0.000296 0.001722 0.999998 -144.657021
-0.239732 0.970837 -0.002201 112.793577 -0.970839 -0.239730 0.001029 -1.803213 0.000471 0.002383 0.999997 -144.848162
-0.220158 0.975463 -0.001314 112.007413 -0.975464 -0.220158 0.000452 -1.803362 0.000152 0.001381 0.999999 -145.033953
-0.195467 0.980707 -0.002375 111.202055 -0.980710 -0.195467 0.000230 -1.803540 -0.000239 0.002374 0.999997 -145.196108
-0.174289 0.984693 -0.001572 110.379403 -0.984694 -0.174290 -0.000181 -1.803640 -0.000452 0.001517 0.999999 -145.348721
-0.156938 0.987607 -0.001666 109.560315 -0.987609 -0.156937 0.000176 -1.803472 -0.000087 0.001673 0.999999 -145.488947
-0.136090 0.990695 -0.001454 108.755252 -0.990696 -0.136090 0.000506 -1.803293 0.000304 0.001509 0.999999 -145.605840
-0.123785 0.992309 -0.000762 107.955025 -0.992309 -0.123784 0.000367 -1.803310 0.000270 0.000802 1.000000 -145.719962
-0.105576 0.994410 -0.001656 107.143744 -0.994411 -0.105576 0.000115 -1.803460 -0.000060 0.001659 0.999999 -145.812936
-0.094431 0.995531 -0.000717 106.316448 -0.995531 -0.094431 -0.000309 -1.803606 -0.000375 0.000684 1.000000 -145.906332
-0.078786 0.996891 -0.001382 105.490189 -0.996892 -0.078786 -0.000025 -1.803494 -0.000134 0.001375 0.999999 -145.981084
-0.070586 0.997506 -0.000415 104.677532 -0.997506 -0.070586 0.000239 -1.803338 0.000209 0.000431 1.000000 -146.056047
-0.065650 0.997843 -0.000280 103.872411 -0.997843 -0.065650 0.000281 -1.803314 0.000262 0.000297 1.000000 -146.127277
-0.054825 0.998496 -0.000963 103.059620 -0.998496 -0.054825 0.000026 -1.803446 -0.000027 0.000963 1.000000 -146.183888
-0.050295 0.998734 -0.000238 102.232078 -0.998734 -0.050296 -0.000327 -1.803589 -0.000338 0.000221 1.000000 -146.244703
-0.041223 0.999150 -0.000796 101.404145 -0.999150 -0.041223 -0.000139 -1.803513 -0.000172 0.000789 1.000000 -146.292625
-0.037188 0.999308 -0.000188 100.588582 -0.999308 -0.037188 0.000171 -1.803359 0.000163 0.000194 1.000000 -146.342464
-0.034762 0.999396 -0.000134 99.782072 -0.999396 -0.034762 0.000269 -1.803312 0.000265 0.000144 1.000000 -146.390108
-0.028986 0.999580 -0.000477 98.969560 -0.999580 -0.028986 0.000011 -1.803435 -0.000003 0.000477 1.000000 -146.429723
-0.026878 0.999639 -0.000107 98.142715 -0.999639 -0.026878 -0.000312 -1.803579 -0.000315 0.000098 1.000000 -146.472119
-0.023699 0.999719 -0.000431 97.313797 -0.999719 -0.023699 -0.000195 -1.803529 -0.000205 0.000427 1.000000 -146.510286
-0.020586 0.999788 -0.000143 96.496569 -0.999788 -0.020586 0.000138 -1.803372 0.000135 0.000146 1.000000 -146.546109
-0.019615 0.999808 -0.000042 95.689984 -0.999808 -0.019615 0.000283 -1.803305 0.000282 0.000047 1.000000 -146.582495
-0.016308 0.999867 -0.000268 94.879059 -0.999867 -0.016308 0.000043 -1.803416 0.000039 0.000269 1.000000 -146.613685
-0.015257 0.999884 -0.000048 94.054249 -0.999884 -0.015257 -0.000284 -1.803565 -0.000285 0.000043 1.000000 -146.646827
-0.013461 0.999909 -0.000253 93.224440 -0.999909 -0.013462 -0.000254 -1.803552 -0.000257 0.000250 1.000000 -146.677414
-0.011696 0.999932 -0.000079 92.404824 -0.999932 -0.011696 0.000081 -1.803397 0.000080 0.000080 1.000000 -146.706720
-0.011185 0.999937 -0.000021 91.598046 -0.999937 -0.011185 0.000301 -1.803296 0.000301 0.000024 1.000000 -146.736354
-0.009265 0.999957 -0.000156 90.789855 -0.999957 -0.009265 0.000112 -1.803383 0.000111 0.000157 1.000000 -146.762862
-0.008667 0.999962 -0.000026 89.968492 -0.999962 -0.008667 -0.000237 -1.803544 -0.000238 0.000024 1.000000 -146.790477
-0.007263 0.999974 -0.000219 89.137529 -0.999974 -0.007263 -0.000332 -1.803587 -0.000333 0.000217 1.000000 -146.815972
-0.005810 0.999983 -0.000064 88.313726 -0.999983 -0.005810 -0.000019 -1.803443 -0.000019 0.000064 1.000000 -146.840424
-0.005463 0.999985 -0.000013 87.504094 -0.999985 -0.005463 0.000279 -1.803306 0.000279 0.000015 1.000000 -146.865290
-0.005135 0.999987 -0.000018 86.697197 -0.999987 -0.005135 0.000187 -1.803348 0.000187 0.000019 1.000000 -146.889600
-0.004928 0.999988 -0.000013 85.878804 -0.999988 -0.004928 -0.000164 -1.803510 -0.000164 0.000012 1.000000 -146.913760
-0.004051 0.999992 -0.000075 85.047184 -0.999992 -0.004051 -0.000372 -1.803605 -0.000372 0.000073 1.000000 -146.936585
-0.003814 0.999993 -0.000008 84.220241 -0.999993 -0.003814 -0.000091 -1.803476 -0.000091 0.000008 1.000000 -146.959825
-0.003357 0.999994 -0.000067 83.407627 -0.999994 -0.003357 0.000247 -1.803321 0.000247 0.000068 1.000000 -146.982218
-0.002888 0.999996 -0.000020 82.601163 -0.999996 -0.002888 0.000244 -1.803322 0.000244 0.000021 1.000000 -147.004156
-0.002760 0.999996 -0.000006 81.785192 -0.999996 -0.002760 -0.000095 -1.803478 -0.000095 0.000006 1.000000 -147.026177
-0.002203 0.999998 -0.000046 80.953511 -0.999997 -0.002203 -0.000390 -1.803614 -0.000390 0.000045 1.000000 -147.047208
-0.002043 0.999998 -0.000006 80.123995 -0.999998 -0.002043 -0.000151 -1.803504 -0.000151 0.000006 1.000000 -147.068399
-0.001633 0.999999 -0.000033 79.309255 -0.999999 -0.001633 0.000226 -1.803331 0.000226 0.000033 1.000000 -147.088782
-0.001489 0.999999 -0.000005 78.504270 -0.999999 -0.001489 0.000313 -1.803290 0.000313 0.000006 1.000000 -147.109171
-0.001263 0.999999 -0.000032 77.692988 -0.999999 -0.001263 0.000011 -1.803429 0.000010 0.000032 1.000000 -147.129133
-0.001043 0.999999 -0.000010 76.866916 -0.999999 -0.001043 -0.000321 -1.803582 -0.000321 0.000010 1.000000 -147.148780
-0.000976 1.000000 -0.000004 76.036948 -0.999999 -0.000976 -0.000253 -1.803550 -0.000253 0.000003 1.000000 -147.168334
-0.000733 1.000000 -0.000020 75.217855 -1.000000 -0.000733 0.000097 -1.803390 0.000097 0.000020 1.000000 -147.187298
-0.000654 1.000000 -0.000003 74.411154 -1.000000 -0.000654 0.000301 -1.803296 0.000301 0.000003 1.000000 -147.206213
-0.000523 1.000000 -0.000019 73.602249 -1.000000 -0.000523 0.000093 -1.803391 0.000093 0.000019 1.000000 -147.224751
-0.000395 1.000000 -0.000006 72.779933 -1.000000 -0.000395 -0.000250 -1.803549 -0.000250 0.000006 1.000000 -147.242994
-0.000356 1.000000 -0.000002 71.948981 -1.000000 -0.000356 -0.000320 -1.803581 -0.000320 0.000002 1.000000 -147.261088
-0.000210 1.000000 -0.000012 71.125688 -1.000000 -0.000210 -0.000002 -1.803435 -0.000002 0.000012 1.000000 -147.278688
-0.000165 1.000000 -0.000002 70.316630 -1.000000 -0.000165 0.000290 -1.803301 0.000290 0.000002 1.000000 -147.296152
-0.000087 1.000000 -0.000011 69.509700 -1.000000 -0.000087 0.000180 -1.803351 0.000180 0.000011 1.000000 -147.313258
-0.000012 1.000000 -0.000003 68.690850 -1.000000 -0.000012 -0.000177 -1.803516 -0.000177 0.000003 1.000000 -147.330089
0.000012 1.000000 -0.000001 67.858783 -1.000000 0.000012 -0.000379 -1.803609 -0.000379 0.000001 1.000000 -147.346698
0.000099 1.000000 -0.000007 67.031619 -1.000000 0.000099 -0.000089 -1.803475 -0.000089 0.000007 1.000000 -147.362878
0.000125 1.000000 -0.000001 66.218939 -1.000000 0.000125 0.000251 -1.803319 0.000251 0.000001 1.000000 -147.378849
0.000172 1.000000 -0.000006 65.412243 -1.000000 0.000172 0.000244 -1.803322 0.000244 0.000006 1.000000 -147.394466
0.000216 1.000000 -0.000002 64.595891 -1.000000 0.000216 -0.000099 -1.803480 -0.000099 0.000002 1.000000 -147.409766
0.000250 1.000000 -0.000005 63.763752 -1.000000 0.000250 -0.000394 -1.803615 -0.000394 0.000005 1.000000 -147.424755
0.000285 1.000000 -0.000002 62.933838 -1.000000 0.000285 -0.000151 -1.803504 -0.000151 0.000002 1.000000 -147.439380
0.000295 1.000000 -0.000001 62.118813 -1.000000 0.000295 0.000228 -1.803329 0.000228 0.000000 1.000000 -147.453707
0.000330 1.000000 -0.000003 61.313576 -1.000000 0.000330 0.000315 -1.803289 0.000315 0.000003 1.000000 -147.467683
0.000343 1.000000 -0.000000 60.502018 -1.000000 0.000343 0.000012 -1.803429 0.000012 0.000000 1.000000 -147.481345
0.000363 1.000000 -0.000003 59.675658 -1.000000 0.000363 -0.000321 -1.803582 -0.000321 0.000003 1.000000 -147.494623
0.000383 1.000000 -0.000001 58.845249 -1.000000 0.000383 -0.000256 -1.803552 -0.000256 0.000001 1.000000 -147.507554
0.000389 1.000000 -0.000001 58.025648 -1.000000 0.000389 0.000094 -1.803391 0.000094 0.000001 1.000000 -147.520160
0.000412 1.000000 -0.000002 57.218525 -1.000000 0.000412 0.000302 -1.803295 0.000302 0.000002 1.000000 -147.532326
0.000418 1.000000 -0.000000 56.409331 -1.000000 0.000418 0.000097 -1.803390 0.000097 0.000000 1.000000 -147.544150
0.000430 1.000000 -0.000001 55.586713 -1.000000 0.000430 -0.000248 -1.803548 -0.000248 0.000001 1.000000 -147.555531
0.000439 1.000000 -0.000000 54.755247 -1.000000 0.000439 -0.000323 -1.803583 -0.000323 0.000000 1.000000 -147.566538
0.000441 1.000000 -0.000000 53.931302 -1.000000 0.000441 -0.000006 -1.803437 -0.000006 0.000000 1.000000 -147.577145
0.000451 1.000000 -0.000001 53.121572 -1.000000 0.000451 0.000288 -1.803302 0.000288 0.000001 1.000000 -147.587330
0.000453 1.000000 -0.000000 52.314082 -1.000000 0.000453 0.000182 -1.803351 0.000182 -0.000000 1.000000 -147.597115
0.000459 1.000000 -0.000001 51.494748 -1.000000 0.000459 -0.000175 -1.803514 -0.000175 0.000001 1.000000 -147.606474
0.000466 1.000000 -0.000000 50.662210 -1.000000 0.000466 -0.000377 -1.803608 -0.000377 0.000000 1.000000 -147.615384
0.000466 1.000000 -0.000000 49.834520 -1.000000 0.000466 -0.000089 -1.803475 -0.000089 0.000000 1.000000 -147.623852
0.000475 1.000000 -0.000001 49.021255 -1.000000 0.000475 0.000250 -1.803319 0.000250 0.000001 1.000000 -147.631885
0.000478 1.000000 -0.000000 48.213989 -1.000000 0.000478 0.000243 -1.803322 0.000243 0.000000 1.000000 -147.639458
0.000484 1.000000 -0.000001 47.397053 -1.000000 0.000484 -0.000098 -1.803479 -0.000098 0.000001 1.000000 -147.646547
0.000491 1.000000 -0.000000 46.564328 -1.000000 0.000491 -0.000393 -1.803615 -0.000393 0.000000 1.000000 -147.653174
0.000494 1.000000 -0.000000 45.733835 -1.000000 0.000494 -0.000151 -1.803504 -0.000151 0.000000 1.000000 -147.659301
0.000499 1.000000 -0.000001 44.918195 -1.000000 0.000499 0.000228 -1.803329 0.000228 0.000001 1.000000 -147.664948
0.000503 1.000000 -0.000000 44.112334 -1.000000 0.000503 0.000315 -1.803289 0.000315 0.000000 1.000000 -147.670092
0.000509 1.000000 -0.000000 43.300139 -1.000000 0.000509 0.000012 -1.803429 0.000012 0.000000 1.000000 -147.674709
0.000515 1.000000 -0.000000 42.473121 -1.000000 0.000515 -0.000321 -1.803582 -0.000321 0.000000 1.000000 -147.678805
0.000519 1.000000 -0.000000 41.642048 -1.000000 0.000519 -0.000256 -1.803552 -0.000256 0.000001 1.000000 -147.682372
0.000523 1.000000 -0.000000 40.821778 -1.000000 0.000523 0.000095 -1.803391 0.000095 0.000000 1.000000 -147.685417
0.000527 1.000000 -0.000001 40.013970 -1.000000 0.000527 0.000302 -1.803295 0.000302 0.000000 1.000000 -147.687899
0.000531 1.000000 -0.000000 39.204050 -1.000000 0.000531 0.000097 -1.803390 0.000097 0.000000 1.000000 -147.689827
0.000534 1.000000 -0.000000 38.380713 -1.000000 0.000534 -0.000248 -1.803548 -0.000248 0.000000 1.000000 -147.691130
0.000533 1.000000 0.000000 37.548518 -1.000000 0.000533 -0.000323 -1.803582 -0.000323 0.000000 1.000000 -147.691861
0.000531 1.000000 0.000000 36.723855 -1.000000 0.000531 -0.000005 -1.803437 -0.000005 -0.000000 1.000000 -147.692087
0.000533 1.000000 -0.000000 35.913393 -1.000000 0.000533 0.000288 -1.803302 0.000288 0.000000 1.000000 -147.691663
0.000534 1.000000 -0.000000 35.105143 -1.000000 0.000534 0.000182 -1.803351 0.000182 0.000000 1.000000 -147.690686
0.000537 1.000000 0.000000 34.285028 -1.000000 0.000537 -0.000175 -1.803514 -0.000175 0.000000 1.000000 -147.689042
0.000534 1.000000 0.000001 33.451705 -1.000000 0.000534 -0.000378 -1.803608 -0.000378 -0.000001 1.000000 -147.686798
0.000533 1.000000 -0.000000 32.623212 -1.000000 0.000533 -0.000089 -1.803475 -0.000089 0.000000 1.000000 -147.683930
0.000533 1.000000 -0.000000 31.809128 -1.000000 0.000533 0.000250 -1.803319 0.000250 0.000000 1.000000 -147.680477
0.000533 1.000000 -0.000000 31.001022 -1.000000 0.000533 0.000243 -1.803322 0.000243 0.000000 1.000000 -147.676398
0.000536 1.000000 -0.000000 30.183250 -1.000000 0.000536 -0.000098 -1.803479 -0.000098 0.000000 1.000000 -147.671579
0.000534 1.000000 0.000001 29.349670 -1.000000 0.000534 -0.000393 -1.803615 -0.000393 -0.000001 1.000000 -147.666117
0.000551 0.999997 0.002359 28.519803 -1.000000 0.000549 0.000650 -1.804481 0.000648 -0.002360 0.999997 -147.663714
0.000896 1.000000 0.000117 27.701978 -1.000000 0.000896 0.000440 -1.803879 0.000440 -0.000118 1.000000 -147.653663
0.001563 0.999999 -0.000095 26.893869 -0.999999 0.001563 0.000281 -1.803344 0.000281 0.000095 1.000000 -147.646043
0.002055 0.999998 -0.000031 26.078595 -0.999998 0.002055 -0.000050 -1.803352 -0.000050 0.000031 1.000000 -147.638877
0.002227 0.999997 0.000913 25.248010 -0.999997 0.002228 -0.001202 -1.804601 -0.001204 -0.000910 0.999999 -147.632477
0.001915 0.999998 -0.000046 24.417768 -0.999998 0.001915 -0.000299 -1.803689 -0.000299 0.000047 1.000000 -147.621677
0.001583 0.999999 -0.000083 23.599963 -0.999999 0.001583 0.000212 -1.803300 0.000212 0.000083 1.000000 -147.611032
0.001310 0.999999 -0.000046 22.790102 -0.999999 0.001310 0.000288 -1.803248 0.000288 0.000046 1.000000 -147.599786
0.001150 0.999999 -0.000026 21.972108 -0.999999 0.001150 -0.000029 -1.803412 -0.000029 0.000026 1.000000 -147.587778
0.001015 0.999999 -0.000010 21.141197 -0.999999 0.001015 -0.000290 -1.803551 -0.000290 0.000011 1.000000 -147.575092
0.000922 1.000000 -0.000007 20.311766 -1.000000 0.000922 -0.000117 -1.803482 -0.000117 0.000007 1.000000 -147.561704
0.000868 1.000000 -0.000006 19.495194 -1.000000 0.000868 0.000204 -1.803339 0.000204 0.000006 1.000000 -147.547576
0.000813 1.000000 -0.000003 18.683487 -1.000000 0.000813 0.000195 -1.803345 0.000195 0.000003 1.000000 -147.532760
0.000788 1.000000 -0.000005 17.861343 -1.000000 0.000788 -0.000129 -1.803494 -0.000129 0.000005 1.000000 -147.517159
0.000744 1.000000 -0.000002 17.028651 -1.000000 0.000744 -0.000282 -1.803564 -0.000282 0.000002 1.000000 -147.500824
0.000730 1.000000 -0.000004 16.202098 -1.000000 0.000730 -0.000017 -1.803442 -0.000017 0.000004 1.000000 -147.483672
0.000717 1.000000 -0.000004 15.388179 -1.000000 0.000717 0.000250 -1.803320 0.000250 0.000004 1.000000 -147.465755
0.000715 1.000000 -0.000004 14.574605 -1.000000 0.000715 0.000124 -1.803377 0.000124 0.000004 1.000000 -147.447037
0.000699 1.000000 -0.000004 13.748617 -1.000000 0.000699 -0.000203 -1.803528 -0.000203 0.000004 1.000000 -147.427508
0.000691 1.000000 -0.000004 12.916121 -1.000000 0.000691 -0.000236 -1.803543 -0.000236 0.000004 1.000000 -147.407177
0.000686 1.000000 -0.000004 12.092859 -1.000000 0.000686 0.000068 -1.803403 0.000068 0.000004 1.000000 -147.386020
0.000677 1.000000 -0.000004 11.279768 -1.000000 0.000677 0.000239 -1.803324 0.000239 0.000004 1.000000 -147.364046
0.000678 1.000000 -0.000005 10.462418 -1.000000 0.000678 0.000024 -1.803423 0.000024 0.000005 1.000000 -147.341217
0.000665 1.000000 -0.000004 9.632539 -1.000000 0.000665 -0.000252 -1.803550 -0.000252 0.000004 1.000000 -147.317555
0.000663 1.000000 -0.000004 8.801586 -1.000000 0.000663 -0.000149 -1.803502 -0.000149 0.000004 1.000000 -147.293023
0.000657 1.000000 -0.000004 7.982073 -1.000000 0.000657 0.000158 -1.803362 0.000158 0.000004 1.000000 -147.267659
0.000655 1.000000 -0.000005 7.168717 -1.000000 0.000655 0.000198 -1.803343 0.000198 0.000004 1.000000 -147.241425
0.000655 1.000000 -0.000005 6.346423 -1.000000 0.000655 -0.000095 -1.803478 -0.000095 0.000005 1.000000 -147.214315
0.000647 1.000000 -0.000004 5.513762 -1.000000 0.000647 -0.000260 -1.803554 -0.000260 0.000004 1.000000 -147.186321
0.000649 1.000000 -0.000005 4.686101 -1.000000 0.000649 -0.000030 -1.803448 -0.000030 0.000005 1.000000 -147.157436
0.000645 1.000000 -0.000004 3.870232 -1.000000 0.000645 0.000225 -1.803331 0.000225 0.000004 1.000000 -147.127653
0.000647 1.000000 -0.000005 3.054949 -1.000000 0.000647 0.000115 -1.803381 0.000115 0.000005 1.000000 -147.096980
0.000643 1.000000 -0.000005 2.227735 -1.000000 0.000643 -0.000195 -1.803524 -0.000195 0.000005 1.000000 -147.065395
0.000639 1.000000 -0.000004 1.394894 -1.000000 0.000639 -0.000213 -1.803532 -0.000213 0.000004 1.000000 -147.032861
0.000640 1.000000 -0.000005 0.571307 -1.000000 0.000640 0.000080 -1.803398 0.000080 0.000005 1.000000 -146.999417
0.000638 1.000000 -0.000005 -0.243050 -1.000000 0.000638 0.000225 -1.803331 0.000225 0.000004 1.000000 -146.965057
0.000642 1.000000 -0.000005 -1.062498 -1.000000 0.000642 -0.000001 -1.803435 -0.000001 0.000005 1.000000 -146.929772
0.000637 1.000000 -0.000005 -1.893665 -1.000000 0.000637 -0.000245 -1.803547 -0.000245 0.000005 1.000000 -146.893512
0.000637 1.000000 -0.000004 -2.724378 -1.000000 0.000637 -0.000115 -1.803487 -0.000115 0.000004 1.000000 -146.856300
0.000635 1.000000 -0.000005 -3.544002 -1.000000 0.000635 0.000167 -1.803357 0.000167 0.000005 1.000000 -146.818145
0.000638 1.000000 -0.000005 -4.359296 -1.000000 0.000638 0.000164 -1.803359 0.000164 0.000005 1.000000 -146.779026
0.000637 1.000000 -0.000005 -5.184293 -1.000000 0.000637 -0.000125 -1.803492 -0.000125 0.000005 1.000000 -146.738936
0.000635 1.000000 -0.000004 -6.017414 -1.000000 0.000635 -0.000229 -1.803540 -0.000229 0.000005 1.000000 -146.697853
0.000636 1.000000 -0.000005 -6.844129 -1.000000 0.000636 0.000013 -1.803428 0.000013 0.000005 1.000000 -146.655803
0.000634 1.000000 -0.000005 -7.660754 -1.000000 0.000634 0.000210 -1.803338 0.000210 0.000005 1.000000 -146.612763
0.000638 1.000000 -0.000005 -8.479466 -1.000000 0.000638 0.000052 -1.803410 0.000052 0.000005 1.000000 -146.568744
0.000634 1.000000 -0.000005 -9.309633 -1.000000 0.000634 -0.000213 -1.803532 -0.000213 0.000005 1.000000 -146.523693
0.000634 1.000000 -0.000004 -10.141750 -1.000000 0.000634 -0.000147 -1.803502 -0.000147 0.000004 1.000000 -146.477650
0.000633 1.000000 -0.000005 -10.963865 -1.000000 0.000633 0.000128 -1.803375 0.000128 0.000005 1.000000 -146.430595
0.000636 1.000000 -0.000005 -11.779980 -1.000000 0.000636 0.000180 -1.803352 0.000180 0.000005 1.000000 -146.382537
0.000636 1.000000 -0.000005 -12.604075 -1.000000 0.000636 -0.000083 -1.803472 -0.000083 0.000005 1.000000 -146.333424
0.000633 1.000000 -0.000005 -13.437321 -1.000000 0.000633 -0.000229 -1.803539 -0.000229 0.000005 1.000000 -146.283297
0.000635 1.000000 -0.000005 -14.265930 -1.000000 0.000635 -0.000022 -1.803445 -0.000022 0.000005 1.000000 -146.232121
0.000633 1.000000 -0.000005 -15.084298 -1.000000 0.000633 0.000196 -1.803344 0.000196 0.000005 1.000000 -146.179934
0.000639 1.000000 -0.000005 -15.903001 -1.000000 0.000639 0.000080 -1.803397 0.000080 0.000005 1.000000 -146.126687
0.000635 1.000000 -0.000005 -16.732764 -1.000000 0.000635 -0.000191 -1.803522 -0.000191 0.000005 1.000000 -146.072390
0.000634 1.000000 -0.000004 -17.565867 -1.000000 0.000634 -0.000164 -1.803509 -0.000164 0.000005 1.000000 -146.017022
0.000633 1.000000 -0.000005 -18.389771 -1.000000 0.000633 0.000103 -1.803387 0.000103 0.000005 1.000000 -145.960609
0.000635 1.000000 -0.000005 -19.206817 -1.000000 0.000635 0.000186 -1.803349 0.000186 0.000005 1.000000 -145.903145
0.000637 1.000000 -0.000005 -20.030711 -1.000000 0.000637 -0.000057 -1.803460 -0.000057 0.000005 1.000000 -145.844596
0.000634 1.000000 -0.000005 -20.864224 -1.000000 0.000634 -0.000225 -1.803538 -0.000225 0.000005 1.000000 -145.784973
0.000636 1.000000 -0.000005 -21.694176 -1.000000 0.000636 -0.000043 -1.803454 -0.000043 0.000005 1.000000 -145.724254
0.000634 1.000000 -0.000005 -22.513955 -1.000000 0.000634 0.000184 -1.803350 0.000184 0.000005 1.000000 -145.662482
0.000638 1.000000 -0.000005 -23.333086 -1.000000 0.000638 0.000095 -1.803391 0.000095 0.000005 1.000000 -145.599606
0.000636 1.000000 -0.000005 -24.162894 -1.000000 0.000636 -0.000176 -1.803515 -0.000176 0.000005 1.000000 -145.535638
0.000635 1.000000 -0.000004 -24.996740 -1.000000 0.000635 -0.000170 -1.803513 -0.000170 0.000005 1.000000 -145.470557
0.000634 1.000000 -0.000005 -25.821955 -1.000000 0.000634 0.000088 -1.803394 0.000088 0.000005 1.000000 -145.404391
0.000635 1.000000 -0.000005 -26.639998 -1.000000 0.000635 0.000185 -1.803349 0.000185 0.000005 1.000000 -145.337134
0.000639 1.000000 -0.000012 -27.463953 -1.000000 0.000639 0.000111 -1.803649 0.000111 0.000012 1.000000 -145.268754
0.000634 1.000000 -0.000009 -28.297061 -1.000000 0.000634 0.000360 -1.804377 0.000360 0.000009 1.000000 -145.199245
0.000636 1.000000 -0.000008 -29.127220 -0.999999 0.000636 0.000970 -1.805062 0.000970 0.000007 1.000000 -145.128635
0.000635 1.000000 -0.000005 -29.947617 -0.999999 0.000635 0.001607 -1.805692 0.001607 0.000004 0.999999 -145.056919
0.000637 1.000000 -0.000004 -30.767388 -0.999998 0.000637 0.001648 -1.806762 0.001648 0.000003 0.999999 -144.984080
0.000636 1.000000 -0.000005 -31.597484 -0.999999 0.000636 0.001342 -1.808140 0.001342 0.000004 0.999999 -144.910083
0.000634 1.000000 -0.000005 -32.431768 -0.999999 0.000634 0.001293 -1.809408 0.001293 0.000004 0.999999 -144.834956
0.000634 1.000000 -0.000005 -33.258003 -0.999999 0.000634 0.001511 -1.810515 0.001511 0.000004 0.999999 -144.758710
0.000635 1.000000 -0.000006 -34.077316 -0.999999 0.000635 0.001597 -1.811650 0.001597 0.000005 0.999999 -144.681327
0.000641 1.000000 0.000003 -34.901822 -0.999999 0.000641 0.001604 -1.813190 0.001604 -0.000004 0.999999 -144.602835
0.000635 1.000000 -0.000001 -35.734226 -0.999997 0.000635 0.002257 -1.815665 0.002257 -0.000001 0.999997 -144.523154
0.000634 1.000000 -0.000005 -36.564065 -0.999994 0.000634 0.003294 -1.818285 0.003294 0.000003 0.999995 -144.442327
0.000632 1.000000 -0.000007 -37.385208 -0.999990 0.000632 0.004333 -1.820825 0.004333 0.000005 0.999991 -144.360368
0.000636 1.000000 -0.000001 -38.206139 -0.999989 0.000636 0.004607 -1.823962 0.004607 -0.000002 0.999989 -144.277273
0.000635 1.000000 -0.000004 -39.036445 -0.999991 0.000635 0.004300 -1.827737 0.004300 0.000002 0.999991 -144.193009
0.000634 1.000000 -0.000006 -39.870374 -0.999991 0.000634 0.004200 -1.831454 0.004200 0.000003 0.999991 -144.107575
0.000633 1.000000 -0.000007 -40.697393 -0.999990 0.000633 0.004353 -1.834973 0.004353 0.000004 0.999991 -144.020998
0.000633 1.000000 -0.000007 -41.518720 -0.999990 0.000633 0.004407 -1.838466 0.004407 0.000005 0.999990 -143.933260
0.000637 1.000000 -0.000022 -42.344596 -0.999990 0.000637 0.004363 -1.842232 0.004363 0.000019 0.999990 -143.844361
0.000634 1.000000 -0.000018 -43.176442 -0.999987 0.000634 0.005013 -1.846954 0.005013 0.000015 0.999987 -143.754283
0.000635 1.000000 -0.000015 -44.005918 -0.999982 0.000635 0.006025 -1.851912 0.006025 0.000011 0.999982 -143.663069
0.000634 1.000000 -0.000013 -44.828684 -0.999975 0.000634 0.007024 -1.856808 0.007024 0.000009 0.999975 -143.570673
0.000636 1.000000 -0.000017 -45.651819 -0.999972 0.000636 0.007408 -1.862154 0.007408 0.000012 0.999973 -143.477108
0.000636 1.000000 -0.000014 -46.482282 -0.999974 0.000636 0.007179 -1.868216 0.007179 0.000009 0.999974 -143.382373
0.000634 1.000000 -0.000012 -47.314931 -0.999975 0.000634 0.007088 -1.874275 0.007088 0.000007 0.999975 -143.286466
0.000634 1.000000 -0.000011 -48.142422 -0.999974 0.000634 0.007177 -1.880165 0.007177 0.000006 0.999974 -143.189387
0.000636 1.000000 -0.000010 -48.966487 -0.999974 0.000636 0.007189 -1.886016 0.007189 0.000006 0.999974 -143.091133
0.000640 1.000000 -0.000022 -49.794195 -0.999974 0.000640 0.007129 -1.892023 0.007129 0.000018 0.999975 -142.991689
0.000634 1.000000 -0.000022 -50.624978 -0.999969 0.000634 0.007786 -1.898951 0.007786 0.000017 0.999970 -142.891085
0.000633 1.000000 -0.000017 -51.453518 -0.999961 0.000634 0.008764 -1.906235 0.008764 0.000012 0.999962 -142.789290
0.000633 1.000000 -0.000015 -52.278202 -0.999953 0.000633 0.009701 -1.913504 0.009701 0.000009 0.999953 -142.686347
0.000632 1.000000 -0.000007 -53.103999 -0.999948 0.000632 0.010193 -1.921079 0.010193 0.000001 0.999948 -142.582243
0.000633 1.000000 -0.000009 -53.934489 -0.999949 0.000633 0.010065 -1.929407 0.010065 0.000003 0.999949 -142.476915
0.000634 1.000000 -0.000011 -54.765639 -0.999950 0.000634 0.009981 -1.937795 0.009981 0.000004 0.999950 -142.370425
0.000634 1.000000 -0.000011 -55.593753 -0.999950 0.000634 0.009998 -1.946059 0.009998 0.000005 0.999950 -142.262757
0.000636 1.000000 -0.000012 -56.420585 -0.999950 0.000636 0.009972 -1.954279 0.009972 0.000005 0.999950 -142.153910
0.000637 1.000000 -0.000009 -57.249802 -0.999951 0.000637 0.009903 -1.962534 0.009903 0.000003 0.999951 -142.043886
0.000635 1.000000 -0.000009 -58.080262 -0.999948 0.000635 0.010207 -1.971198 0.010207 0.000002 0.999948 -141.932684
0.000633 1.000000 -0.000011 -58.909082 -0.999943 0.000633 0.010703 -1.980077 0.010703 0.000004 0.999943 -141.820305
0.000634 1.000000 -0.000012 -59.736213 -0.999937 0.000634 0.011166 -1.988970 0.011166 0.000005 0.999938 -141.706734
0.000633 1.000000 -0.000010 -60.564400 -0.999934 0.000633 0.011446 -1.997973 0.011446 0.000002 0.999934 -141.592018
0.000633 1.000000 -0.000011 -61.394918 -0.999935 0.000633 0.011406 -2.007371 0.011406 0.000004 0.999935 -141.476112
0.000633 1.000000 -0.000012 -62.225371 -0.999935 0.000633 0.011374 -2.016818 0.011374 0.000005 0.999935 -141.359016
0.000633 1.000000 -0.000013 -63.054290 -0.999935 0.000633 0.011376 -2.026210 0.011376 0.000005 0.999935 -141.240762
0.000634 1.000000 -0.000013 -63.883022 -0.999935 0.000634 0.011350 -2.035586 0.011350 0.000006 0.999936 -141.121337
0.000633 1.000000 -0.000013 -64.713158 -0.999936 0.000633 0.011308 -2.044968 0.011308 0.000006 0.999936 -141.000725
0.000631 1.000000 -0.000013 -65.543908 -0.999936 0.000631 0.011302 -2.054330 0.011302 0.000006 0.999936 -140.878960
0.000632 1.000000 -0.000013 -66.373764 -0.999936 0.000632 0.011332 -2.063662 0.011332 0.000006 0.999936 -140.756028
0.000632 1.000000 -0.000013 -67.202933 -0.999935 0.000632 0.011341 -2.072994 0.011341 0.000006 0.999936 -140.631945
0.000632 1.000000 -0.000013 -68.032872 -0.999936 0.000632 0.011318 -2.082350 0.011318 0.000006 0.999936 -140.506667
0.000633 1.000000 -0.000013 -68.863710 -0.999936 0.000633 0.011303 -2.091711 0.011303 0.000006 0.999936 -140.380258
0.000634 1.000000 -0.000013 -69.694265 -0.999936 0.000634 0.011319 -2.101053 0.011319 0.000006 0.999936 -140.252674
0.000635 1.000000 -0.000013 -70.524094 -0.999936 0.000635 0.011337 -2.110386 0.011337 0.000006 0.999936 -140.123933
0.000634 1.000000 -0.000013 -71.354104 -0.999936 0.000634 0.011327 -2.119733 0.011327 0.000006 0.999936 -139.994021
0.000633 1.000000 -0.000013 -72.184929 -0.999936 0.000633 0.011309 -2.129091 0.011309 0.000006 0.999936 -139.862972
0.000632 1.000000 -0.000013 -73.015951 -0.999936 0.000632 0.011313 -2.138441 0.011313 0.000006 0.999936 -139.730773
0.000633 1.000000 -0.000013 -73.846437 -0.999936 0.000633 0.011329 -2.147779 0.011329 0.000006 0.999936 -139.597427
0.000632 1.000000 -0.000013 -74.676752 -0.999936 0.000632 0.011330 -2.157120 0.011330 0.000006 0.999936 -139.462937
0.000632 1.000000 -0.000013 -75.507607 -0.999936 0.000632 0.011317 -2.166473 0.011317 0.000006 0.999936 -139.327305
0.000632 1.000000 -0.000013 -76.338894 -0.999936 0.000632 0.011312 -2.175826 0.011312 0.000006 0.999936 -139.190536
0.000632 1.000000 -0.000013 -77.169965 -0.999936 0.000632 0.011323 -2.185169 0.011323 0.000006 0.999936 -139.052633
0.000633 1.000000 -0.000013 -78.000727 -0.999936 0.000634 0.011330 -2.194509 0.011330 0.000006 0.999936 -138.913598
0.000633 1.000000 -0.000013 -78.831731 -0.999936 0.000633 0.011322 -2.203858 0.011322 0.000006 0.999936 -138.773436
0.000632 1.000000 -0.000013 -79.663180 -0.999936 0.000632 0.011314 -2.213211 0.011314 0.000006 0.999936 -138.632135
0.000632 1.000000 -0.000013 -80.494664 -0.999936 0.000632 0.011319 -2.222557 0.011319 0.000006 0.999936 -138.489745
0.000632 1.000000 -0.000013 -81.325907 -0.999936 0.000632 0.011327 -2.231898 0.011327 0.000006 0.999936 -138.346225
0.000632 1.000000 -0.000013 -82.157168 -0.999936 0.000632 0.011325 -2.241244 0.011325 0.000006 0.999936 -138.201592
0.000633 1.000000 -0.000013 -82.988791 -0.999936 0.000633 0.011317 -2.250594 0.011317 0.000006 0.999936 -138.055838
0.000632 1.000000 -0.000013 -83.820614 -0.999936 0.000632 0.011317 -2.259944 0.011317 0.000006 0.999936 -137.908996
0.000632 1.000000 -0.000013 -84.652303 -0.999936 0.000632 0.011323 -2.269287 0.011323 0.000006 0.999936 -137.761056
0.000632 1.000000 -0.000013 -85.483901 -0.999936 0.000632 0.011325 -2.278631 0.011325 0.000006 0.999936 -137.612038
0.000633 1.000000 -0.000013 -86.315730 -0.999936 0.000633 0.011320 -2.287980 0.011320 0.000006 0.999936 -137.461901
0.003567 0.999994 -0.000342 -87.147660 -0.999930 0.003571 0.011319 -2.297327 0.011320 0.000301 0.999936 -137.305600
0.004153 0.999991 -0.000103 -87.979696 -0.999927 0.004154 0.011320 -2.306673 0.011320 0.000056 0.999936 -137.150570
0.007608 0.999971 -0.000836 -88.811443 -0.999907 0.007617 0.011326 -2.316010 0.011332 0.000750 0.999936 -136.988624
0.013655 0.999907 -0.000645 -89.642710 -0.999843 0.013662 0.011321 -2.325348 0.011329 0.000490 0.999936 -136.819201
0.018335 0.999831 -0.001166 -90.474784 -0.999768 0.018347 0.011296 -2.334699 0.011315 0.000959 0.999936 -136.646306
0.027711 0.999615 -0.001246 -91.306317 -0.999552 0.027724 0.011283 -2.344036 0.011313 0.000933 0.999936 -136.460652
0.031418 0.999506 -0.000915 -92.138694 -0.999443 0.031427 0.011268 -2.353373 0.011292 0.000560 0.999936 -136.276526
0.043936 0.999032 -0.002176 -92.968659 -0.998969 0.043958 0.011362 -2.362795 0.011446 0.001675 0.999933 -136.072374
0.051702 0.998662 -0.001346 -93.799179 -0.998596 0.051714 0.011465 -2.372378 0.011519 0.000751 0.999933 -135.867443
0.059840 0.998206 -0.001979 -94.629941 -0.998138 0.059859 0.011723 -2.382139 0.011820 0.001274 0.999929 -135.653028
0.073965 0.997259 -0.002130 -95.459089 -0.997190 0.073985 0.011765 -2.391436 0.011891 0.001254 0.999929 -135.421245
0.084931 0.996384 -0.002367 -96.287883 -0.996316 0.084953 0.011725 -2.401604 0.011883 0.001362 0.999928 -135.183134
0.101354 0.994847 -0.002557 -97.114255 -0.994779 0.101377 0.011736 -2.411042 0.011935 0.001354 0.999928 -134.925594
0.111053 0.993813 -0.001958 -97.942300 -0.993745 0.111069 0.011619 -2.421115 0.011765 0.000656 0.999931 -134.665630
0.128203 0.991743 -0.003226 -98.765862 -0.991675 0.128232 0.011671 -2.430828 0.011989 0.001702 0.999927 -134.382848
0.141526 0.989932 -0.002451 -99.589205 -0.989864 0.141545 0.011601 -2.440462 0.011831 0.000785 0.999930 -134.093551
0.153298 0.988176 -0.002978 -100.411321 -0.988108 0.153322 0.011588 -2.450578 0.011908 0.001166 0.999928 -133.793552
0.171484 0.985181 -0.003273 -101.229257 -0.985115 0.171511 0.011548 -2.459997 0.011939 0.001244 0.999928 -133.472236
0.185955 0.982552 -0.003523 -102.046454 -0.982487 0.185983 0.011367 -2.470108 0.011824 0.001347 0.999929 -133.142094
0.205723 0.978603 -0.003815 -102.858234 -0.978537 0.205753 0.011446 -2.479727 0.011985 0.001378 0.999927 -132.790072
0.218018 0.975940 -0.003119 -103.671340 -0.975873 0.218040 0.011393 -2.489543 0.011799 0.000560 0.999930 -132.433985
0.237000 0.971499 -0.004474 -104.476824 -0.971436 0.237036 0.011247 -2.499534 0.011986 0.001680 0.999927 -132.054247
0.252386 0.967619 -0.003737 -105.280887 -0.967553 0.252413 0.011349 -2.509008 0.011925 0.000751 0.999929 -131.666005
0.265479 0.964107 -0.004233 -106.083017 -0.964044 0.265511 0.011117 -2.519190 0.011841 0.001129 0.999929 -131.266414
0.284989 0.958520 -0.004640 -106.877560 -0.958456 0.285024 0.011130 -2.528710 0.011991 0.001276 0.999927 -130.844601
0.300501 0.953770 -0.004771 -107.670536 -0.953708 0.300536 0.010890 -2.538606 0.011821 0.001278 0.999929 -130.413333
0.321077 0.947039 -0.005206 -108.454849 -0.946977 0.321116 0.010896 -2.548532 0.011991 0.001431 0.999927 -129.959678
0.334044 0.942547 -0.004444 -109.240079 -0.942482 0.334073 0.011032 -2.558089 0.011883 0.000503 0.999929 -129.501498
0.353222 0.935522 -0.005787 -110.014845 -0.935464 0.353266 0.010551 -2.568241 0.011916 0.001687 0.999928 -129.020003
0.368927 0.929444 -0.005156 -110.786544 -0.929381 0.368962 0.010843 -2.577736 0.011980 0.000791 0.999928 -128.529623
